0 0.414844 0.611806 0.106250 0.181944
0 0.345313 0.449306 0.089063 0.118056
0 0.853516 0.799306 0.171094 0.251389
0 0.845703 0.331944 0.057031 0.102778
0 0.901563 0.355556 0.060937 0.102778
0 0.408203 0.252083 0.053906 0.056944
0 0.637109 0.219444 0.038281 0.055556
0 0.596094 0.154167 0.015625 0.044444
0 0.609766 0.153472 0.014844 0.040278
0 0.377344 0.360417 0.048438 0.070833
0 0.412891 0.327083 0.044531 0.059722
1 0.494531 0.295139 0.032813 0.059722
1 0.238281 0.340972 0.051562 0.043056
1 0.596094 0.452778 0.050000 0.100000
1 0.567969 0.357639 0.070312 0.059722
1 0.579297 0.211111 0.030469 0.030556
1 0.589844 0.270139 0.026562 0.040278
1 0.125391 0.601389 0.046094 0.111111
