0 0.578516 0.761806 0.091406 0.201389
0 0.351172 0.276389 0.028906 0.050000
0 0.212500 0.259028 0.018750 0.043056
0 0.651563 0.246528 0.017188 0.037500
0 0.063281 0.347917 0.026562 0.045833
0 0.275781 0.199306 0.017188 0.040278
0 0.224609 0.202083 0.014844 0.045833
0 0.241016 0.194444 0.014844 0.044444
0 0.258203 0.200000 0.014844 0.050000
0 0.062500 0.240278 0.015625 0.044444
0 0.303516 0.910417 0.105469 0.156944
0 0.181250 0.243056 0.018750 0.044444
0 0.329688 0.181944 0.018750 0.041667
1 0.400000 0.336806 0.029687 0.045833
1 0.445703 0.348611 0.027344 0.044444
1 0.481250 0.347222 0.028125 0.050000
1 0.558594 0.343750 0.029687 0.043056
1 0.582812 0.348611 0.023438 0.058333
1 0.619531 0.334722 0.034375 0.058333
1 0.553125 0.520139 0.068750 0.076389
1 0.407813 0.488194 0.065625 0.109722
1 0.260547 0.739583 0.078906 0.104167
1 0.101562 0.707639 0.053125 0.084722
1 0.304297 0.322917 0.028906 0.029167
1 0.606641 0.287500 0.025781 0.036111
1 0.553516 0.268056 0.019531 0.025000
1 0.513672 0.261806 0.017969 0.026389
