0 0.670703 0.505556 0.089844 0.183333
0 0.752734 0.629167 0.077344 0.177778
0 0.255859 0.518056 0.094531 0.147222
0 0.192188 0.520833 0.062500 0.172222
0 0.317578 0.245833 0.055469 0.144444
0 0.514844 0.377778 0.081250 0.100000
0 0.782813 0.274306 0.056250 0.093056
0 0.778906 0.135417 0.050000 0.079167
0 0.955078 0.320833 0.088281 0.166667
0 0.785937 0.436806 0.096875 0.143056
0 0.594141 0.286806 0.066406 0.101389
0 0.348438 0.134028 0.034375 0.070833
0 0.398047 0.127778 0.030469 0.077778
1 0.073047 0.306944 0.042969 0.075000
1 0.487891 0.253472 0.030469 0.073611
1 0.626953 0.121528 0.041406 0.084722
