0 0.143750 0.043056 0.031250 0.083333
0 0.062500 0.184028 0.050000 0.073611
0 0.085938 0.147917 0.028125 0.068056
0 0.068750 0.311806 0.071875 0.095833
0 0.273828 0.624306 0.066406 0.143056
0 0.436719 0.085417 0.046875 0.076389
0 0.386328 0.043056 0.038281 0.083333
0 0.670312 0.049306 0.043750 0.070833
0 0.201172 0.061806 0.041406 0.093056
0 0.316016 0.380556 0.066406 0.138889
0 0.134375 0.930556 0.103125 0.138889
1 0.125000 0.683333 0.068750 0.138889
1 0.776953 0.090278 0.036719 0.072222
1 0.368750 0.150694 0.037500 0.068056
1 0.310937 0.143750 0.034375 0.062500
1 0.245312 0.163194 0.031250 0.048611
1 0.346875 0.033333 0.025000 0.044444
