0 0.508594 0.657639 0.117188 0.212500
0 0.616797 0.593056 0.067969 0.194444
0 0.196875 0.436806 0.143750 0.151389
0 0.429688 0.333333 0.081250 0.133333
0 0.828125 0.419444 0.103125 0.130556
0 0.732812 0.419444 0.078125 0.161111
0 0.909766 0.359028 0.050781 0.154167
0 0.648438 0.149306 0.054688 0.084722
0 0.291406 0.146528 0.051562 0.120833
0 0.383594 0.074306 0.040625 0.068056
0 0.161328 0.044444 0.030469 0.069444
0 0.139844 0.047917 0.025000 0.056944
0 0.328125 0.058333 0.031250 0.072222
0 0.398438 0.140278 0.040625 0.083333
1 0.272266 0.261111 0.028906 0.066667
1 0.727734 0.182639 0.032031 0.076389
1 0.442969 0.197222 0.020313 0.069444
1 0.332422 0.165972 0.019531 0.059722
1 0.435547 0.440278 0.069531 0.091667
