0 0.466797 0.890278 0.155469 0.219444
0 0.762500 0.585417 0.075000 0.098611
0 0.211328 0.502778 0.055469 0.086111
0 0.353906 0.293056 0.028125 0.072222
0 0.267969 0.318056 0.028125 0.050000
0 0.227734 0.314583 0.017969 0.056944
0 0.239063 0.266667 0.021875 0.055556
0 0.203906 0.254167 0.015625 0.055556
0 0.146875 0.322917 0.028125 0.056944
0 0.157031 0.383333 0.032813 0.063889
0 0.093750 0.326389 0.021875 0.061111
0 0.478906 0.197917 0.017188 0.043056
0 0.400781 0.241667 0.020313 0.044444
0 0.517969 0.255556 0.014063 0.030556
0 0.665625 0.244444 0.015625 0.038889
0 0.585938 0.425694 0.032813 0.065278
1 0.435156 0.352778 0.028125 0.052778
1 0.534766 0.336111 0.022656 0.055556
1 0.564063 0.338194 0.018750 0.034722
1 0.114062 0.680556 0.064062 0.075000
