0 0.600781 0.418056 0.110937 0.219444
0 0.510547 0.370833 0.064844 0.127778
0 0.466797 0.430556 0.074219 0.130556
0 0.179688 0.663889 0.090625 0.147222
0 0.125000 0.741667 0.056250 0.150000
0 0.298438 0.272917 0.054688 0.098611
0 0.353906 0.255556 0.050000 0.072222
0 0.426172 0.235417 0.047656 0.106944
0 0.204687 0.252083 0.040625 0.081944
0 0.600391 0.140972 0.038281 0.037500
0 0.587500 0.179167 0.015625 0.041667
0 0.617578 0.183333 0.019531 0.038889
0 0.740234 0.189583 0.022656 0.048611
0 0.771094 0.193056 0.025000 0.047222
1 0.293359 0.504167 0.049219 0.069444
1 0.736719 0.247222 0.031250 0.047222
1 0.602734 0.226389 0.035156 0.038889
1 0.469141 0.184722 0.019531 0.052778
