0 0.544531 0.204167 0.062500 0.105556
0 0.486328 0.331944 0.064844 0.102778
0 0.502344 0.430556 0.085938 0.108333
0 0.617969 0.311806 0.054688 0.106944
0 0.133984 0.181944 0.052344 0.080556
0 0.176563 0.049306 0.040625 0.056944
0 0.281641 0.170833 0.052344 0.091667
0 0.339453 0.129167 0.046094 0.069444
0 0.171875 0.740972 0.118750 0.201389
1 0.365234 0.372222 0.052344 0.108333
1 0.393359 0.437500 0.042969 0.080556
1 0.453125 0.170833 0.039062 0.069444
1 0.403906 0.122917 0.035937 0.068056
1 0.350781 0.258333 0.059375 0.083333
1 0.174219 0.259028 0.054688 0.070833
1 0.220703 0.138194 0.032031 0.056944
1 0.362500 0.046528 0.037500 0.070833
