0 0.312891 0.299306 0.033594 0.073611
0 0.489063 0.236806 0.026562 0.059722
0 0.562891 0.224306 0.017969 0.059722
0 0.223438 0.197222 0.020313 0.075000
0 0.155078 0.230556 0.014844 0.044444
0 0.097656 0.202083 0.021875 0.054167
0 0.446875 0.179167 0.021875 0.047222
0 0.376953 0.238194 0.035156 0.062500
0 0.570312 0.174306 0.018750 0.051389
0 0.588672 0.161806 0.017969 0.048611
0 0.163672 0.311806 0.033594 0.048611
0 0.158203 0.352083 0.036719 0.054167
0 0.356250 0.135417 0.015625 0.043056
1 0.086719 0.378472 0.029687 0.043056
1 0.030469 0.345139 0.021875 0.048611
1 0.092969 0.263194 0.021875 0.040278
1 0.185938 0.202778 0.014063 0.027778
1 0.287109 0.168750 0.017969 0.029167
1 0.663281 0.465278 0.050000 0.061111
