0 0.823047 0.761806 0.172656 0.268056
0 0.701562 0.316667 0.096875 0.147222
0 0.501172 0.293056 0.061719 0.133333
0 0.308203 0.522917 0.150781 0.129167
0 0.228516 0.311806 0.092969 0.112500
0 0.350781 0.155556 0.039062 0.080556
0 0.364844 0.138889 0.034375 0.088889
0 0.590234 0.086806 0.060156 0.084722
0 0.622656 0.386806 0.079687 0.104167
0 0.132422 0.261806 0.085156 0.095833
0 0.220312 0.138889 0.037500 0.088889
0 0.420312 0.191667 0.065625 0.083333
0 0.019141 0.168056 0.033594 0.102778
0 0.335938 0.036806 0.018750 0.054167
0 0.322656 0.026389 0.018750 0.050000
1 0.610547 0.184028 0.032031 0.059722
1 0.503906 0.140972 0.017188 0.031944
1 0.557813 0.143750 0.018750 0.037500
1 0.286328 0.354861 0.033594 0.056944
1 0.055859 0.068750 0.019531 0.026389
1 0.035937 0.081944 0.015625 0.044444
1 0.451562 0.463889 0.032813 0.069444
