0 0.348438 0.318056 0.075000 0.155556
0 0.244141 0.530556 0.058594 0.147222
0 0.195703 0.524306 0.044531 0.120833
0 0.718359 0.547917 0.092969 0.187500
0 0.714844 0.718056 0.109375 0.152778
0 0.064062 0.571528 0.112500 0.212500
0 0.948438 0.324306 0.096875 0.193056
0 0.742578 0.236806 0.074219 0.101389
0 0.757422 0.136806 0.066406 0.079167
0 0.737891 0.349306 0.072656 0.081944
0 0.312500 0.186806 0.039062 0.059722
0 0.333203 0.135417 0.032031 0.056944
0 0.404297 0.124306 0.024219 0.081944
0 0.432422 0.131250 0.025781 0.062500
0 0.180859 0.106944 0.028906 0.055556
0 0.444922 0.044444 0.025781 0.069444
0 0.605469 0.038194 0.021875 0.056944
0 0.170313 0.233333 0.040625 0.077778
0 0.096094 0.288194 0.050000 0.081944
0 0.231641 0.166667 0.033594 0.094444
1 0.040234 0.242361 0.041406 0.062500
1 0.476172 0.240972 0.060156 0.065278
