0 0.664453 0.700694 0.200781 0.281944
0 0.437891 0.599306 0.194531 0.245833
0 0.136719 0.652778 0.148438 0.233333
0 0.584766 0.441667 0.103906 0.208333
0 0.723047 0.420833 0.127344 0.152778
0 0.846094 0.329167 0.076563 0.169444
0 0.277734 0.381944 0.092969 0.127778
0 0.350391 0.388194 0.078906 0.104167
0 0.374219 0.319444 0.060937 0.105556
0 0.220312 0.219444 0.065625 0.080556
0 0.285938 0.149306 0.065625 0.104167
0 0.126172 0.152083 0.052344 0.076389
0 0.378125 0.074306 0.043750 0.073611
0 0.136328 0.044444 0.033594 0.083333
0 0.089844 0.045833 0.029687 0.080556
0 0.020313 0.041667 0.035937 0.063889
0 0.272266 0.032639 0.028906 0.051389
0 0.242969 0.026389 0.026562 0.050000
0 0.442188 0.060417 0.031250 0.056944
0 0.473438 0.190972 0.037500 0.073611
0 0.963672 0.211806 0.049219 0.076389
1 0.439844 0.325000 0.035937 0.063889
1 0.057031 0.409028 0.046875 0.084722
1 0.147656 0.286806 0.040625 0.076389
1 0.105469 0.265278 0.023438 0.069444
1 0.764062 0.255556 0.031250 0.063889
