0 0.551953 0.350694 0.055469 0.090278
0 0.721094 0.411806 0.087500 0.170833
0 0.489063 0.372917 0.076563 0.131944
0 0.848437 0.218056 0.046875 0.088889
0 0.956641 0.374306 0.028906 0.095833
1 0.416797 0.682639 0.080469 0.179167
1 0.141016 0.286806 0.035156 0.062500
1 0.269141 0.209722 0.028906 0.069444
1 0.461328 0.193056 0.027344 0.061111
1 0.568359 0.190278 0.025781 0.052778
1 0.504687 0.208333 0.029687 0.050000
1 0.639453 0.209028 0.019531 0.045833
1 0.692187 0.200000 0.031250 0.052778
1 0.616406 0.178472 0.021875 0.045833
1 0.827344 0.307639 0.035937 0.062500
1 0.746484 0.245833 0.019531 0.055556
1 0.646094 0.363889 0.035937 0.097222
