0 0.194922 0.718056 0.088281 0.247222
0 0.478125 0.561806 0.115625 0.134722
0 0.428516 0.850694 0.121094 0.295833
0 0.769531 0.771528 0.145313 0.212500
0 0.805078 0.536806 0.099219 0.145833
0 0.705078 0.536806 0.097656 0.131944
0 0.221484 0.474306 0.060156 0.098611
0 0.172656 0.188194 0.028125 0.068056
0 0.597656 0.263194 0.029687 0.056944
0 0.613672 0.215278 0.019531 0.038889
0 0.483203 0.231944 0.030469 0.055556
0 0.498047 0.346528 0.055469 0.109722
0 0.700391 0.379167 0.039844 0.066667
1 0.911719 0.422917 0.035937 0.087500
1 0.648828 0.285417 0.022656 0.040278
1 0.657031 0.432639 0.035937 0.065278
