0 0.158594 0.256944 0.048438 0.133333
0 0.473438 0.279167 0.040625 0.108333
0 0.511328 0.258333 0.025781 0.083333
0 0.348047 0.038194 0.032031 0.068056
0 0.416406 0.056944 0.025000 0.044444
0 0.136719 0.075694 0.042188 0.093056
0 0.212500 0.088194 0.040625 0.095833
0 0.784375 0.091667 0.025000 0.061111
0 0.701562 0.071528 0.018750 0.056944
0 0.078516 0.825694 0.125781 0.190278
1 0.680859 0.341667 0.042969 0.069444
1 0.867188 0.245139 0.053125 0.101389
1 0.378125 0.375694 0.059375 0.101389
1 0.531250 0.227778 0.020313 0.050000
