0 0.229687 0.887500 0.112500 0.125000
0 0.398438 0.900694 0.112500 0.195833
0 0.796875 0.597917 0.050000 0.154167
0 0.184375 0.531944 0.050000 0.069444
0 0.178125 0.361806 0.025000 0.056944
0 0.354687 0.301389 0.025000 0.075000
0 0.225781 0.268056 0.015625 0.058333
0 0.198437 0.304167 0.021875 0.036111
0 0.041797 0.409028 0.028906 0.068056
0 0.482031 0.202778 0.018750 0.047222
0 0.423438 0.243056 0.017188 0.041667
0 0.296094 0.209028 0.014063 0.045833
0 0.342578 0.204167 0.016406 0.055556
0 0.250391 0.258333 0.014844 0.041667
0 0.110156 0.257639 0.017188 0.034722
1 0.423047 0.562500 0.035156 0.097222
1 0.528516 0.509028 0.046094 0.065278
1 0.309375 0.368056 0.025000 0.044444
1 0.602344 0.335417 0.029687 0.056944
1 0.520312 0.289583 0.026562 0.040278
1 0.539453 0.345139 0.024219 0.051389
