0 0.694141 0.486806 0.063281 0.081944
0 0.149219 0.349306 0.031250 0.068056
0 0.060156 0.324306 0.034375 0.054167
0 0.027344 0.318056 0.021875 0.072222
0 0.058984 0.424306 0.035156 0.065278
0 0.106641 0.405556 0.038281 0.063889
0 0.187891 0.216667 0.032031 0.058333
0 0.450781 0.211806 0.029687 0.048611
0 0.421094 0.208333 0.021875 0.058333
0 0.577344 0.182639 0.020313 0.051389
0 0.539844 0.214583 0.018750 0.045833
0 0.378125 0.134028 0.021875 0.054167
0 0.332813 0.168056 0.020313 0.038889
0 0.355078 0.143056 0.016406 0.033333
0 0.277734 0.159028 0.025781 0.048611
0 0.092188 0.191667 0.018750 0.041667
1 0.478906 0.256944 0.025000 0.047222
1 0.732422 0.388194 0.036719 0.062500
1 0.174219 0.345139 0.023438 0.040278
1 0.067969 0.272917 0.018750 0.040278
1 0.256250 0.208333 0.018750 0.033333
1 0.844141 0.434722 0.028906 0.061111
