0 0.333594 0.339583 0.053125 0.070833
0 0.501953 0.315278 0.028906 0.044444
0 0.521094 0.647917 0.087500 0.118056
0 0.255859 0.229167 0.024219 0.072222
0 0.203125 0.227778 0.021875 0.044444
0 0.159766 0.272917 0.024219 0.056944
0 0.134766 0.204167 0.017969 0.044444
0 0.419141 0.209028 0.024219 0.043056
0 0.491797 0.196528 0.021094 0.056944
0 0.327344 0.165278 0.015625 0.041667
0 0.419141 0.314583 0.033594 0.037500
0 0.344141 0.274306 0.025781 0.048611
0 0.367188 0.204167 0.015625 0.044444
1 0.344922 0.549306 0.038281 0.093056
1 0.776953 0.231944 0.016406 0.033333
1 0.453906 0.317361 0.023438 0.040278
1 0.082031 0.555556 0.039062 0.072222
