0 0.122266 0.441667 0.035156 0.075000
0 0.157031 0.415278 0.032813 0.080556
0 0.173437 0.330556 0.034375 0.069444
0 0.165234 0.243056 0.028906 0.052778
0 0.393750 0.300694 0.037500 0.062500
0 0.077344 0.525694 0.043750 0.081944
0 0.057422 0.212500 0.017969 0.050000
0 0.565625 0.399306 0.040625 0.084722
0 0.300391 0.254167 0.030469 0.044444
0 0.283984 0.188194 0.021094 0.048611
0 0.498828 0.179167 0.019531 0.041667
0 0.570703 0.229167 0.028906 0.058333
0 0.566016 0.177083 0.021094 0.051389
1 0.673047 0.362500 0.028906 0.044444
1 0.635547 0.193750 0.019531 0.029167
1 0.608594 0.253472 0.023438 0.043056
1 0.042188 0.382639 0.025000 0.040278
