0 0.510938 0.538194 0.114062 0.120833
0 0.471094 0.444444 0.068750 0.086111
0 0.462891 0.350694 0.094531 0.101389
0 0.882812 0.811806 0.153125 0.265278
0 0.887891 0.489583 0.075781 0.190278
0 0.957031 0.302083 0.051562 0.151389
0 0.933594 0.157639 0.043750 0.076389
0 0.873047 0.129167 0.036719 0.063889
0 0.561719 0.279167 0.059375 0.080556
0 0.549609 0.377778 0.038281 0.094444
0 0.349219 0.280556 0.053125 0.077778
0 0.137891 0.430556 0.064844 0.113889
1 0.660937 0.384028 0.037500 0.065278
1 0.619531 0.374306 0.042188 0.081944
1 0.374609 0.375000 0.036719 0.058333
1 0.051953 0.500000 0.057031 0.066667
1 0.030469 0.573611 0.057813 0.077778
1 0.746484 0.197222 0.024219 0.055556
1 0.630859 0.225000 0.021094 0.055556
