0 0.802344 0.395833 0.042188 0.088889
0 0.849219 0.366667 0.037500 0.069444
0 0.814453 0.297917 0.027344 0.056944
0 0.553516 0.229167 0.027344 0.058333
0 0.583594 0.243056 0.025000 0.052778
0 0.459375 0.246528 0.028125 0.037500
0 0.282813 0.180556 0.028125 0.050000
0 0.271094 0.243056 0.023438 0.047222
0 0.225391 0.250000 0.027344 0.050000
0 0.173828 0.310417 0.032031 0.068056
0 0.152344 0.325694 0.020313 0.073611
0 0.094922 0.363194 0.027344 0.043056
0 0.071875 0.481944 0.043750 0.055556
0 0.081641 0.208333 0.021094 0.058333
0 0.127344 0.227778 0.020313 0.058333
1 0.700391 0.370139 0.039844 0.079167
1 0.584766 0.396528 0.041406 0.062500
1 0.697656 0.243056 0.023438 0.044444
1 0.528516 0.156250 0.024219 0.040278
