0 0.288281 0.668056 0.106250 0.177778
0 0.376172 0.468056 0.102344 0.119444
0 0.803516 0.566667 0.102344 0.175000
0 0.919531 0.355556 0.065625 0.125000
0 0.843750 0.324306 0.062500 0.081944
0 0.834766 0.218056 0.044531 0.083333
0 0.239063 0.346528 0.078125 0.073611
0 0.111328 0.394444 0.072656 0.105556
0 0.298828 0.243056 0.025781 0.061111
0 0.125000 0.247917 0.025000 0.056944
0 0.213672 0.174306 0.033594 0.054167
0 0.157422 0.219444 0.024219 0.038889
0 0.612891 0.152778 0.025781 0.047222
1 0.584766 0.471528 0.041406 0.076389
1 0.580859 0.339583 0.036719 0.062500
1 0.545312 0.342361 0.029687 0.056944
1 0.541406 0.226389 0.021875 0.044444
1 0.695703 0.227778 0.021094 0.047222
1 0.435156 0.352778 0.035937 0.069444
1 0.396484 0.379861 0.030469 0.056944
1 0.133594 0.589583 0.071875 0.095833
