0 0.562500 0.275694 0.050000 0.087500
0 0.632031 0.279167 0.045312 0.105556
0 0.305469 0.283333 0.046875 0.080556
0 0.878516 0.379167 0.046094 0.105556
0 0.941406 0.394444 0.040625 0.111111
0 0.866797 0.268056 0.052344 0.088889
0 0.506641 0.155556 0.030469 0.080556
0 0.460938 0.086806 0.020313 0.054167
0 0.368750 0.152778 0.025000 0.066667
0 0.326172 0.152778 0.022656 0.069444
0 0.103125 0.094444 0.018750 0.061111
1 0.431641 0.334028 0.027344 0.081944
1 0.172266 0.370139 0.049219 0.073611
1 0.117969 0.250694 0.034375 0.045833
1 0.487891 0.212500 0.035156 0.052778
1 0.101562 0.186806 0.023438 0.048611
