0 0.803125 0.307639 0.043750 0.076389
0 0.234766 0.285417 0.022656 0.056944
0 0.241016 0.238194 0.017969 0.029167
0 0.200391 0.236806 0.033594 0.054167
0 0.323047 0.197917 0.022656 0.051389
0 0.445312 0.118056 0.012500 0.047222
0 0.506641 0.100694 0.010156 0.043056
0 0.545312 0.104167 0.025000 0.033333
0 0.500391 0.200694 0.021094 0.054167
0 0.403906 0.338194 0.039062 0.068056
0 0.367578 0.106944 0.014844 0.030556
1 0.124609 0.393056 0.038281 0.058333
1 0.380078 0.181250 0.019531 0.029167
1 0.824609 0.195139 0.017969 0.043056
