0 0.156641 0.501389 0.061719 0.125000
0 0.282813 0.925000 0.121875 0.150000
0 0.495703 0.074306 0.019531 0.040278
0 0.591797 0.118056 0.016406 0.033333
0 0.462891 0.118056 0.022656 0.047222
0 0.392969 0.199306 0.026562 0.059722
0 0.348438 0.282639 0.059375 0.073611
0 0.115234 0.354167 0.035156 0.061111
1 0.230859 0.480556 0.061719 0.119444
1 0.730469 0.220139 0.018750 0.065278
1 0.762891 0.261111 0.030469 0.080556
1 0.702344 0.231944 0.028125 0.047222
1 0.641797 0.181250 0.027344 0.043056
1 0.551172 0.187500 0.027344 0.050000
1 0.490625 0.227778 0.031250 0.055556
1 0.464844 0.196528 0.031250 0.056944
1 0.591016 0.165278 0.025781 0.047222
