0 0.537891 0.761806 0.192969 0.270833
0 0.778906 0.659028 0.110937 0.284722
0 0.900391 0.580556 0.124219 0.188889
0 0.937109 0.318056 0.074219 0.119444
0 0.920312 0.190278 0.075000 0.094444
0 0.482812 0.411806 0.125000 0.109722
0 0.370312 0.214583 0.043750 0.079167
0 0.100781 0.336806 0.043750 0.081944
0 0.300391 0.113194 0.035156 0.081944
0 0.396094 0.127778 0.029687 0.086111
0 0.486328 0.049306 0.027344 0.079167
0 0.326562 0.049306 0.031250 0.070833
0 0.511719 0.136806 0.025000 0.045833
0 0.457813 0.052083 0.023438 0.070833
1 0.355859 0.549306 0.066406 0.093056
1 0.595313 0.303472 0.042188 0.059722
1 0.385547 0.335417 0.036719 0.081944
1 0.535937 0.190278 0.028125 0.041667
1 0.710938 0.140972 0.026562 0.054167
1 0.674609 0.100000 0.021094 0.038889
