0 0.886328 0.627083 0.071094 0.165278
0 0.823828 0.555556 0.060156 0.155556
0 0.901563 0.415278 0.053125 0.113889
0 0.846875 0.319444 0.031250 0.083333
0 0.731641 0.343056 0.039844 0.086111
0 0.402734 0.493056 0.060156 0.122222
0 0.176172 0.709722 0.111719 0.213889
0 0.569922 0.474306 0.072656 0.131944
0 0.435547 0.230556 0.019531 0.063889
0 0.519922 0.195833 0.019531 0.063889
0 0.446094 0.172917 0.018750 0.054167
0 0.584375 0.209722 0.015625 0.050000
1 0.627734 0.402083 0.033594 0.051389
1 0.467578 0.395833 0.035156 0.052778
1 0.318359 0.340278 0.047656 0.063889
1 0.217578 0.377778 0.046094 0.063889
1 0.676172 0.352083 0.032031 0.054167
1 0.341797 0.436111 0.033594 0.083333
