0 0.197266 0.836806 0.105469 0.168056
0 0.143750 0.709028 0.078125 0.106944
0 0.084766 0.421528 0.035156 0.059722
0 0.283594 0.354167 0.034375 0.069444
0 0.403516 0.343056 0.050781 0.077778
0 0.532031 0.294444 0.034375 0.077778
0 0.734766 0.486806 0.060156 0.095833
0 0.702344 0.255556 0.040625 0.063889
0 0.190234 0.351389 0.025781 0.063889
0 0.106641 0.313194 0.030469 0.068056
0 0.057422 0.352083 0.035156 0.062500
0 0.068750 0.265278 0.025000 0.058333
0 0.038672 0.279167 0.017969 0.052778
0 0.134766 0.224306 0.017969 0.051389
0 0.211328 0.195833 0.022656 0.052778
0 0.372266 0.263889 0.022656 0.052778
0 0.284766 0.235417 0.024219 0.056944
0 0.481641 0.391667 0.063281 0.088889
0 0.419531 0.443056 0.050000 0.083333
1 0.297656 0.469444 0.040625 0.083333
1 0.321484 0.267361 0.028906 0.043056
1 0.662500 0.242361 0.026562 0.051389
1 0.429297 0.300694 0.033594 0.040278
