0 0.731250 0.616667 0.150000 0.161111
0 0.591797 0.865278 0.108594 0.252778
0 0.600000 0.397917 0.068750 0.143056
0 0.502344 0.406944 0.070312 0.111111
0 0.430469 0.347917 0.025000 0.093056
0 0.462891 0.246528 0.030469 0.068056
0 0.735938 0.213194 0.039062 0.043056
0 0.244531 0.183333 0.017188 0.066667
0 0.484375 0.170139 0.021875 0.062500
0 0.527734 0.222222 0.038281 0.063889
1 0.166016 0.311111 0.027344 0.058333
1 0.684766 0.256250 0.022656 0.051389
1 0.923047 0.277083 0.035156 0.048611
1 0.296094 0.198611 0.028125 0.030556
