0 0.273828 0.938194 0.108594 0.118056
0 0.225000 0.832639 0.065625 0.137500
0 0.181641 0.672917 0.069531 0.104167
0 0.159375 0.553472 0.075000 0.112500
0 0.501563 0.297917 0.062500 0.168056
0 0.836719 0.400694 0.064062 0.118056
0 0.905469 0.361806 0.050000 0.137500
0 0.971484 0.399306 0.042969 0.106944
0 0.841406 0.243056 0.031250 0.077778
0 0.892188 0.221528 0.037500 0.068056
0 0.342578 0.233333 0.044531 0.061111
0 0.270313 0.288194 0.031250 0.081944
0 0.176563 0.197917 0.031250 0.045833
0 0.110547 0.321528 0.030469 0.070833
0 0.092188 0.113194 0.031250 0.065278
0 0.137500 0.088194 0.025000 0.068056
0 0.202734 0.143056 0.021094 0.066667
0 0.461719 0.093056 0.017188 0.047222
0 0.442969 0.093056 0.015625 0.044444
1 0.364453 0.400000 0.071094 0.066667
1 0.402344 0.190278 0.025000 0.047222
1 0.679688 0.220139 0.042188 0.065278
1 0.546094 0.206944 0.034375 0.047222
