0 0.851172 0.229167 0.078906 0.105556
0 0.404687 0.043056 0.031250 0.083333
0 0.206250 0.047917 0.031250 0.068056
0 0.173828 0.084028 0.044531 0.079167
0 0.080469 0.097917 0.042188 0.079167
0 0.031250 0.049306 0.040625 0.065278
0 0.057422 0.268056 0.053906 0.088889
0 0.278516 0.186806 0.046094 0.090278
0 0.495703 0.124306 0.028906 0.073611
1 0.506250 0.345833 0.062500 0.077778
1 0.504687 0.405556 0.039062 0.091667
1 0.298438 0.350000 0.065625 0.075000
1 0.227734 0.210417 0.047656 0.079167
1 0.653125 0.111111 0.034375 0.063889
