0 0.651563 0.646528 0.106250 0.101389
0 0.680078 0.502778 0.047656 0.102778
0 0.666016 0.411806 0.041406 0.070833
0 0.920703 0.486806 0.050781 0.084722
0 0.782031 0.341667 0.031250 0.069444
0 0.736719 0.340972 0.035937 0.073611
0 0.162109 0.465278 0.050781 0.077778
0 0.331641 0.340278 0.033594 0.058333
0 0.361719 0.300694 0.021875 0.068056
0 0.528125 0.270139 0.018750 0.048611
0 0.582812 0.275694 0.021875 0.034722
0 0.474609 0.321528 0.033594 0.056944
0 0.289062 0.343056 0.023438 0.047222
0 0.223047 0.349306 0.027344 0.048611
1 0.553906 0.506944 0.053125 0.097222
1 0.357422 0.680556 0.072656 0.100000
1 0.860938 0.546528 0.035937 0.104167
1 0.900391 0.363194 0.030469 0.034722
1 0.624609 0.284028 0.024219 0.045833
1 0.307422 0.386111 0.028906 0.066667
