0 0.528125 0.480556 0.100000 0.144444
0 0.691016 0.456944 0.057031 0.150000
0 0.206641 0.302778 0.041406 0.069444
0 0.250391 0.293056 0.042969 0.072222
0 0.525391 0.254167 0.025781 0.066667
0 0.462500 0.193056 0.028125 0.061111
0 0.435937 0.190972 0.021875 0.062500
0 0.371875 0.165972 0.021875 0.073611
0 0.855078 0.284028 0.024219 0.062500
0 0.898828 0.280556 0.025781 0.066667
0 0.578125 0.169444 0.018750 0.038889
0 0.561328 0.211806 0.024219 0.048611
0 0.601953 0.209028 0.025781 0.040278
0 0.391797 0.129167 0.028906 0.044444
1 0.512109 0.677083 0.053906 0.123611
1 0.487500 0.852083 0.070312 0.176389
1 0.642188 0.347917 0.040625 0.070833
