0 0.166406 0.313889 0.026562 0.063889
0 0.103516 0.304167 0.033594 0.055556
0 0.060937 0.329167 0.037500 0.044444
0 0.040234 0.386806 0.033594 0.056944
0 0.789062 0.397917 0.040625 0.093056
0 0.584766 0.175694 0.021094 0.045833
0 0.465234 0.205556 0.033594 0.055556
0 0.426953 0.200694 0.028906 0.051389
0 0.362109 0.257639 0.033594 0.048611
0 0.252344 0.205556 0.025000 0.063889
0 0.166406 0.241667 0.031250 0.044444
1 0.600000 0.225694 0.018750 0.037500
1 0.623828 0.247222 0.013281 0.044444
1 0.639453 0.222917 0.019531 0.043056
1 0.322266 0.263889 0.024219 0.036111
1 0.235937 0.254861 0.021875 0.031944
1 0.191406 0.322917 0.018750 0.040278
1 0.066406 0.481250 0.031250 0.059722
