0 0.150000 0.327778 0.028125 0.050000
0 0.068359 0.313194 0.044531 0.065278
0 0.031641 0.334028 0.027344 0.056944
0 0.439453 0.190278 0.021094 0.058333
0 0.459766 0.165972 0.024219 0.048611
0 0.509375 0.170833 0.021875 0.047222
0 0.566797 0.177778 0.030469 0.047222
0 0.346875 0.335417 0.040625 0.068056
0 0.204687 0.338194 0.031250 0.054167
0 0.201563 0.213194 0.021875 0.079167
0 0.168750 0.207639 0.015625 0.040278
0 0.139453 0.216667 0.021094 0.044444
1 0.161328 0.584722 0.049219 0.066667
1 0.730469 0.372917 0.028125 0.045833
1 0.737109 0.332639 0.027344 0.045833
1 0.607812 0.268056 0.035937 0.036111
1 0.117188 0.354861 0.026562 0.043056
1 0.310937 0.197222 0.015625 0.027778
1 0.147656 0.679861 0.053125 0.081944
