0 0.296094 0.549306 0.109375 0.120833
0 0.566016 0.496528 0.099219 0.143056
0 0.676953 0.554167 0.063281 0.188889
0 0.753516 0.388194 0.061719 0.109722
0 0.415625 0.408333 0.093750 0.100000
0 0.333594 0.293056 0.042188 0.077778
0 0.167187 0.359028 0.034375 0.081944
0 0.892969 0.345139 0.035937 0.090278
1 0.832422 0.326389 0.028906 0.047222
1 0.451172 0.328472 0.025781 0.054167
1 0.205859 0.520139 0.049219 0.070833
1 0.164062 0.559028 0.040625 0.081944
1 0.773828 0.518750 0.038281 0.090278
1 0.575000 0.327778 0.031250 0.069444
1 0.378906 0.140972 0.010937 0.020833
