0 0.628516 0.264583 0.067969 0.104167
0 0.556250 0.726389 0.190625 0.325000
0 0.959766 0.463889 0.080469 0.172222
0 0.380859 0.209028 0.044531 0.070833
0 0.272266 0.122222 0.033594 0.100000
0 0.567969 0.169444 0.035937 0.055556
0 0.730078 0.134028 0.021094 0.056944
0 0.708203 0.121528 0.014844 0.040278
0 0.680078 0.119444 0.022656 0.055556
0 0.321875 0.236806 0.050000 0.084722
0 0.114062 0.255556 0.031250 0.058333
0 0.062891 0.288194 0.064844 0.081944
0 0.048047 0.083333 0.032031 0.088889
1 0.249609 0.228472 0.032031 0.054167
1 0.525781 0.343750 0.037500 0.070833
1 0.833203 0.089583 0.022656 0.034722
1 0.357812 0.552778 0.056250 0.077778
