0 0.517188 0.430556 0.050000 0.091667
0 0.579688 0.405556 0.059375 0.088889
0 0.646484 0.455556 0.050781 0.116667
0 0.710938 0.513889 0.043750 0.088889
0 0.732422 0.620139 0.094531 0.109722
0 0.518750 0.749306 0.132812 0.140278
0 0.416016 0.918056 0.249219 0.161111
0 0.195312 0.479167 0.084375 0.102778
0 0.120313 0.295139 0.025000 0.076389
0 0.144922 0.266667 0.019531 0.069444
0 0.163672 0.246528 0.024219 0.056944
0 0.273438 0.269444 0.035937 0.052778
0 0.225391 0.279167 0.032031 0.069444
1 0.681250 0.375694 0.042188 0.062500
1 0.285547 0.385417 0.039844 0.056944
1 0.504687 0.357639 0.037500 0.048611
