0 0.498828 0.785417 0.133594 0.234722
0 0.477734 0.533333 0.082031 0.127778
0 0.577734 0.466667 0.097656 0.133333
0 0.838672 0.524306 0.066406 0.131944
0 0.800391 0.443056 0.042969 0.094444
0 0.848047 0.379167 0.035156 0.108333
0 0.891016 0.411806 0.046094 0.109722
0 0.951953 0.346528 0.032031 0.120833
0 0.929688 0.324306 0.028125 0.065278
0 0.894922 0.304167 0.025781 0.066667
0 0.782031 0.280556 0.031250 0.061111
0 0.253516 0.346528 0.049219 0.056944
0 0.189062 0.738889 0.121875 0.147222
0 0.299219 0.208333 0.039062 0.061111
0 0.575000 0.186806 0.015625 0.051389
0 0.458984 0.229167 0.025781 0.047222
0 0.544922 0.190278 0.017969 0.041667
0 0.669141 0.240278 0.017969 0.047222
0 0.357031 0.384028 0.050000 0.106944
1 0.465234 0.383333 0.038281 0.072222
1 0.512500 0.367361 0.026562 0.059722
1 0.407813 0.373611 0.029687 0.072222
1 0.442969 0.295139 0.014063 0.054167
1 0.463672 0.293056 0.019531 0.044444
1 0.305469 0.378472 0.031250 0.056944
1 0.259766 0.434722 0.047656 0.075000
