0 0.732812 0.645139 0.081250 0.162500
0 0.630078 0.609028 0.080469 0.151389
0 0.718750 0.455556 0.078125 0.105556
0 0.611719 0.431944 0.065625 0.113889
0 0.451172 0.249306 0.021094 0.037500
0 0.357422 0.265972 0.022656 0.062500
0 0.465234 0.294444 0.033594 0.050000
0 0.552344 0.305556 0.034375 0.052778
0 0.541016 0.402083 0.024219 0.062500
1 0.419141 0.581944 0.061719 0.108333
1 0.523438 0.493750 0.046875 0.104167
1 0.707422 0.325694 0.022656 0.051389
1 0.226172 0.402778 0.041406 0.100000
1 0.181250 0.293056 0.037500 0.055556
1 0.760938 0.330556 0.023438 0.055556
