0 0.532031 0.345139 0.042188 0.104167
0 0.767578 0.359028 0.060156 0.106944
0 0.466016 0.478472 0.102344 0.154167
0 0.052734 0.281944 0.091406 0.130556
0 0.294922 0.117361 0.025781 0.076389
0 0.353516 0.136111 0.035156 0.077778
0 0.422656 0.124306 0.032813 0.048611
0 0.435547 0.205556 0.050781 0.094444
0 0.474609 0.068056 0.027344 0.063889
0 0.389453 0.061111 0.030469 0.075000
0 0.321484 0.085417 0.022656 0.065278
0 0.648438 0.122917 0.035937 0.101389
0 0.784375 0.068750 0.021875 0.073611
0 0.221875 0.112500 0.035937 0.050000
0 0.139453 0.120139 0.032031 0.070833
