0 0.511719 0.165278 0.062500 0.111111
0 0.532813 0.080556 0.037500 0.091667
0 0.376563 0.068056 0.050000 0.055556
0 0.100000 0.138194 0.034375 0.070833
0 0.140625 0.130556 0.046875 0.072222
0 0.201563 0.168056 0.046875 0.066667
0 0.207813 0.246528 0.048438 0.095833
0 0.153516 0.330556 0.061719 0.105556
0 0.320312 0.311806 0.078125 0.112500
0 0.020313 0.146528 0.039062 0.106944
0 0.160938 0.052778 0.046875 0.072222
1 0.722656 0.518056 0.081250 0.155556
1 0.307031 0.199306 0.043750 0.065278
1 0.309766 0.474306 0.058594 0.098611
1 0.587891 0.350694 0.050781 0.106944
