0 0.683594 0.777778 0.112500 0.186111
0 0.622266 0.670833 0.072656 0.127778
0 0.895703 0.605556 0.105469 0.194444
0 0.429688 0.377778 0.103125 0.086111
0 0.566016 0.384028 0.107031 0.115278
0 0.059375 0.305556 0.056250 0.119444
0 0.152344 0.286806 0.042188 0.079167
0 0.308594 0.243056 0.031250 0.061111
0 0.473828 0.263194 0.058594 0.043056
0 0.523438 0.180556 0.021875 0.061111
0 0.591016 0.154167 0.027344 0.038889
0 0.560156 0.153472 0.017188 0.037500
0 0.557422 0.193056 0.033594 0.055556
0 0.579688 0.236806 0.026562 0.043056
0 0.489063 0.172917 0.023438 0.045833
0 0.888281 0.280556 0.051562 0.058333
1 0.133594 0.604167 0.050000 0.086111
1 0.093750 0.465278 0.031250 0.058333
1 0.351172 0.238889 0.019531 0.025000
1 0.537109 0.295139 0.022656 0.040278
1 0.605078 0.257639 0.017969 0.037500
