0 0.292578 0.191667 0.022656 0.044444
0 0.197656 0.218056 0.020313 0.066667
0 0.212891 0.183333 0.017969 0.033333
0 0.245312 0.155556 0.025000 0.038889
0 0.487500 0.184028 0.021875 0.054167
0 0.578516 0.174306 0.024219 0.051389
0 0.405078 0.205556 0.027344 0.044444
0 0.380469 0.204167 0.018750 0.047222
0 0.371094 0.305556 0.029687 0.058333
0 0.153516 0.331944 0.032031 0.061111
0 0.076563 0.314583 0.034375 0.070833
1 0.323828 0.635417 0.080469 0.101389
1 0.394922 0.559028 0.058594 0.112500
1 0.100781 0.572917 0.056250 0.090278
1 0.756250 0.363889 0.026562 0.041667
1 0.467187 0.288194 0.034375 0.040278
1 0.553906 0.229167 0.020313 0.047222
1 0.601172 0.231944 0.028906 0.038889
