0 0.930078 0.451389 0.053906 0.100000
0 0.554297 0.532639 0.103906 0.076389
0 0.392188 0.578472 0.060937 0.087500
0 0.284766 0.338889 0.025781 0.072222
0 0.202344 0.372917 0.026562 0.068056
0 0.129688 0.406944 0.031250 0.083333
0 0.439063 0.486806 0.046875 0.079167
0 0.348438 0.343056 0.031250 0.061111
1 0.732031 0.446528 0.046875 0.059722
1 0.806641 0.375000 0.025781 0.044444
1 0.737500 0.329861 0.021875 0.029167
1 0.530859 0.460417 0.033594 0.048611
1 0.229297 0.489583 0.078906 0.048611
1 0.476562 0.731944 0.060937 0.152778
1 0.827344 0.459028 0.031250 0.054167
