0 0.371484 0.274306 0.028906 0.073611
0 0.179688 0.294444 0.031250 0.050000
0 0.185938 0.364583 0.029687 0.062500
0 0.050781 0.366667 0.034375 0.055556
0 0.127734 0.510417 0.060156 0.056944
0 0.175391 0.705556 0.075781 0.094444
0 0.281641 0.924306 0.116406 0.151389
0 0.463281 0.902778 0.146875 0.194444
0 0.201953 0.268056 0.013281 0.041667
0 0.207813 0.236806 0.017188 0.031944
0 0.170703 0.235417 0.013281 0.037500
0 0.094141 0.330556 0.021094 0.044444
0 0.222266 0.360417 0.021094 0.054167
1 0.550781 0.342361 0.018750 0.054167
1 0.575391 0.340972 0.025781 0.045833
1 0.610547 0.285417 0.025781 0.029167
1 0.553516 0.263194 0.016406 0.029167
1 0.497266 0.247917 0.017969 0.029167
1 0.519141 0.255556 0.021094 0.038889
1 0.544141 0.224306 0.017969 0.037500
1 0.543359 0.577778 0.058594 0.102778
1 0.792969 0.402778 0.025000 0.061111
1 0.837891 0.337500 0.019531 0.050000
