0 0.517188 0.695833 0.168750 0.336111
0 0.771875 0.649306 0.150000 0.281944
0 0.660937 0.554167 0.103125 0.169444
0 0.581250 0.291667 0.076563 0.130556
0 0.672266 0.286806 0.069531 0.145833
0 0.273438 0.118056 0.039062 0.080556
0 0.305078 0.124306 0.030469 0.068056
0 0.498828 0.109722 0.025781 0.047222
0 0.457813 0.121528 0.021875 0.065278
0 0.442188 0.113194 0.028125 0.054167
0 0.389062 0.115278 0.025000 0.069444
0 0.145703 0.136806 0.032031 0.073611
1 0.437500 0.391667 0.059375 0.130556
1 0.358984 0.327083 0.039844 0.090278
1 0.741797 0.139583 0.032031 0.059722
1 0.611719 0.394444 0.065625 0.055556
1 0.027344 0.361111 0.035937 0.058333
1 0.248047 0.672917 0.092969 0.215278
1 0.059375 0.254861 0.026562 0.062500
