0 0.148047 0.680556 0.080469 0.227778
0 0.581250 0.561806 0.071875 0.120833
0 0.604297 0.469444 0.041406 0.094444
0 0.651563 0.463889 0.040625 0.113889
0 0.716016 0.379167 0.050781 0.066667
0 0.669531 0.334028 0.029687 0.062500
0 0.622266 0.302083 0.036719 0.065278
0 0.574609 0.285417 0.024219 0.059722
0 0.538672 0.268056 0.028906 0.061111
0 0.507422 0.268056 0.027344 0.055556
0 0.473047 0.261806 0.019531 0.059722
0 0.397266 0.362500 0.035156 0.075000
0 0.275781 0.394444 0.035937 0.058333
0 0.198828 0.399306 0.050781 0.090278
0 0.146875 0.450694 0.056250 0.093056
0 0.886719 0.411806 0.068750 0.073611
0 0.794141 0.352083 0.027344 0.056944
0 0.889062 0.311806 0.015625 0.040278
0 0.870703 0.277083 0.014844 0.040278
0 0.729297 0.311806 0.022656 0.054167
0 0.670703 0.268056 0.021094 0.044444
0 0.462891 0.185417 0.016406 0.029167
0 0.266797 0.218056 0.014844 0.047222
0 0.253125 0.252778 0.021875 0.052778
0 0.290625 0.340278 0.028125 0.050000
1 0.954688 0.372917 0.020313 0.054167
1 0.588672 0.341667 0.021094 0.033333
