0 0.223438 0.759028 0.189062 0.281944
0 0.839063 0.669444 0.212500 0.333333
0 0.824609 0.293056 0.050781 0.155556
0 0.583203 0.141667 0.050781 0.075000
0 0.133203 0.283333 0.064844 0.119444
0 0.033203 0.291667 0.055469 0.130556
0 0.028906 0.460417 0.053125 0.156944
0 0.157812 0.066667 0.034375 0.077778
0 0.130859 0.139583 0.033594 0.095833
0 0.489063 0.074306 0.029687 0.068056
0 0.341797 0.193750 0.055469 0.087500
1 0.930078 0.183333 0.039844 0.058333
1 0.355469 0.287500 0.040625 0.075000
1 0.526953 0.065278 0.028906 0.055556
