0 0.717969 0.794444 0.126562 0.183333
0 0.662500 0.502083 0.065625 0.112500
0 0.710938 0.424306 0.051562 0.081944
0 0.874609 0.420833 0.044531 0.102778
0 0.812891 0.349306 0.033594 0.076389
0 0.385937 0.318056 0.034375 0.083333
0 0.416406 0.416667 0.034375 0.083333
0 0.380469 0.399306 0.039062 0.056944
0 0.331250 0.404167 0.040625 0.080556
0 0.298438 0.360417 0.018750 0.079167
0 0.259375 0.405556 0.037500 0.080556
0 0.155469 0.422917 0.040625 0.101389
0 0.101562 0.329167 0.034375 0.066667
0 0.529687 0.270833 0.025000 0.047222
0 0.435156 0.322917 0.023438 0.045833
1 0.525781 0.464583 0.082812 0.090278
1 0.895703 0.546528 0.033594 0.104167
1 0.923438 0.418056 0.025000 0.055556
1 0.972656 0.424306 0.039062 0.065278
1 0.643750 0.310417 0.026562 0.045833
