0 0.696875 0.779167 0.150000 0.269444
0 0.580469 0.666667 0.121875 0.175000
0 0.896875 0.586806 0.140625 0.154167
0 0.520312 0.384722 0.103125 0.122222
0 0.273438 0.338889 0.087500 0.077778
0 0.189062 0.310417 0.056250 0.065278
0 0.716016 0.245139 0.049219 0.073611
0 0.905078 0.279167 0.072656 0.086111
0 0.350391 0.254167 0.035156 0.094444
0 0.327344 0.249306 0.031250 0.068056
0 0.519141 0.182639 0.022656 0.062500
0 0.292578 0.161806 0.019531 0.051389
1 0.125391 0.578472 0.046094 0.115278
1 0.138672 0.427083 0.053906 0.054167
1 0.092578 0.307639 0.025781 0.037500
1 0.112500 0.263194 0.032813 0.037500
1 0.442969 0.351389 0.026562 0.058333
1 0.758984 0.249306 0.022656 0.043056
