0 0.816016 0.822917 0.197656 0.329167
0 0.541406 0.639583 0.168750 0.265278
0 0.685547 0.463194 0.103906 0.168056
0 0.576562 0.413194 0.093750 0.168056
0 0.125391 0.466667 0.139844 0.158333
0 0.387891 0.290278 0.063281 0.130556
0 0.644141 0.106944 0.060156 0.091667
0 0.187891 0.099306 0.035156 0.068056
0 0.150000 0.129167 0.037500 0.091667
0 0.098047 0.125694 0.036719 0.093056
0 0.066797 0.106250 0.041406 0.112500
0 0.420312 0.060417 0.056250 0.081944
0 0.936328 0.250000 0.074219 0.100000
0 0.761328 0.374306 0.114844 0.120833
0 0.815625 0.174306 0.084375 0.079167
0 0.607422 0.324306 0.110156 0.118056
0 0.924219 0.712500 0.115625 0.200000
0 0.190234 0.175694 0.028906 0.065278
0 0.084766 0.030556 0.025781 0.058333
0 0.318359 0.255556 0.069531 0.088889
0 0.257812 0.218056 0.050000 0.088889
1 0.578125 0.153472 0.029687 0.054167
1 0.471484 0.279861 0.030469 0.059722
1 0.840234 0.259722 0.035156 0.066667
1 0.401562 0.195139 0.026562 0.051389
1 0.351172 0.165972 0.028906 0.045833
1 0.517578 0.098611 0.022656 0.052778
