0 0.568359 0.818056 0.135156 0.230556
0 0.564453 0.538194 0.066406 0.195833
0 0.408594 0.426389 0.053125 0.138889
0 0.741016 0.525694 0.049219 0.143056
0 0.825000 0.550694 0.059375 0.106944
0 0.698047 0.377778 0.055469 0.077778
0 0.641016 0.352083 0.035156 0.068056
0 0.294141 0.330556 0.049219 0.069444
0 0.534766 0.311806 0.024219 0.062500
0 0.571484 0.318056 0.035156 0.066667
0 0.309375 0.243056 0.018750 0.047222
0 0.492969 0.166667 0.010937 0.041667
0 0.513281 0.157639 0.018750 0.040278
0 0.397266 0.147917 0.017969 0.037500
1 0.821484 0.297917 0.016406 0.043056
1 0.788672 0.285417 0.013281 0.034722
1 0.885547 0.300694 0.021094 0.051389
1 0.246875 0.393056 0.035937 0.063889
