0 0.457813 0.570833 0.089063 0.100000
0 0.620703 0.491667 0.066406 0.144444
0 0.908203 0.475694 0.046094 0.098611
0 0.145703 0.452778 0.058594 0.097222
0 0.544922 0.325694 0.025781 0.056944
0 0.271094 0.355556 0.026562 0.047222
0 0.294531 0.383333 0.028125 0.050000
0 0.314063 0.344444 0.021875 0.050000
0 0.293750 0.276389 0.034375 0.050000
0 0.190625 0.293056 0.021875 0.052778
0 0.198437 0.236806 0.025000 0.043056
1 0.943359 0.388889 0.028906 0.050000
1 0.991797 0.382639 0.016406 0.031944
1 0.850391 0.490278 0.063281 0.077778
1 0.628906 0.349306 0.051562 0.043056
