0 0.943750 0.377778 0.059375 0.130556
0 0.370703 0.505556 0.071094 0.130556
0 0.476562 0.384028 0.043750 0.081944
0 0.579688 0.371528 0.043750 0.093056
0 0.726562 0.268056 0.056250 0.088889
0 0.863672 0.284028 0.044531 0.120833
0 0.192969 0.222917 0.025000 0.070833
0 0.105469 0.190278 0.028125 0.066667
0 0.137109 0.168056 0.025781 0.072222
0 0.172656 0.158333 0.028125 0.047222
0 0.301172 0.443056 0.049219 0.080556
1 0.775000 0.520833 0.057813 0.102778
1 0.517188 0.380556 0.034375 0.058333
1 0.471094 0.461806 0.034375 0.056944
