0 0.594922 0.486806 0.091406 0.143056
0 0.803516 0.569444 0.060156 0.169444
0 0.878516 0.672917 0.067969 0.193056
0 0.468750 0.544444 0.087500 0.233333
0 0.348438 0.536806 0.115625 0.168056
0 0.375391 0.416667 0.058594 0.133333
0 0.432031 0.377778 0.043750 0.094444
0 0.755078 0.345833 0.055469 0.083333
0 0.549219 0.330556 0.032813 0.077778
0 0.322266 0.284722 0.047656 0.061111
0 0.282813 0.286806 0.025000 0.073611
0 0.786328 0.206944 0.011719 0.044444
1 0.190234 0.420833 0.027344 0.066667
1 0.714063 0.314583 0.015625 0.037500
1 0.683984 0.312500 0.019531 0.030556
