0 0.789844 0.644444 0.059375 0.169444
0 0.742188 0.547917 0.046875 0.104167
0 0.664062 0.447917 0.056250 0.118056
0 0.599609 0.393056 0.042969 0.077778
0 0.484766 0.406944 0.041406 0.091667
0 0.741797 0.311806 0.035156 0.054167
0 0.542578 0.305556 0.028906 0.047222
0 0.616016 0.265278 0.019531 0.055556
0 0.695703 0.288194 0.024219 0.045833
0 0.366016 0.254167 0.025781 0.066667
0 0.161719 0.265278 0.040625 0.050000
0 0.150391 0.647917 0.050781 0.120833
0 0.087500 0.256944 0.031250 0.044444
1 0.469141 0.526389 0.060156 0.094444
1 0.529297 0.419444 0.033594 0.058333
