0 0.750000 0.647917 0.096875 0.176389
0 0.733203 0.511806 0.066406 0.093056
0 0.628516 0.452778 0.066406 0.125000
0 0.570703 0.382639 0.042969 0.076389
0 0.435547 0.288194 0.030469 0.062500
0 0.510938 0.404167 0.050000 0.097222
0 0.353906 0.249306 0.034375 0.090278
0 0.690625 0.285417 0.028125 0.043056
0 0.248828 0.277778 0.024219 0.058333
0 0.153125 0.274306 0.021875 0.056944
0 0.183594 0.302778 0.023438 0.075000
0 0.196094 0.474306 0.045312 0.093056
0 0.137891 0.649306 0.066406 0.226389
0 0.225391 0.745139 0.069531 0.162500
1 0.344141 0.563194 0.063281 0.095833
1 0.865234 0.406944 0.033594 0.080556
1 0.300781 0.395139 0.034375 0.076389
1 0.718750 0.333333 0.023438 0.055556
