0 0.837109 0.705556 0.121094 0.261111
0 0.429688 0.470833 0.071875 0.102778
0 0.364063 0.529167 0.062500 0.113889
0 0.224219 0.561806 0.065625 0.093056
0 0.238672 0.407639 0.032031 0.062500
0 0.222266 0.291667 0.021094 0.069444
0 0.305078 0.322917 0.030469 0.068056
0 0.424609 0.349306 0.035156 0.068056
0 0.168359 0.224306 0.028906 0.068056
0 0.296094 0.218056 0.031250 0.069444
1 0.133594 0.687500 0.056250 0.113889
1 0.377344 0.795833 0.064062 0.133333
1 0.944141 0.285417 0.024219 0.054167
1 0.892578 0.263194 0.032031 0.062500
1 0.470313 0.385417 0.037500 0.056944
