0 0.179297 0.744444 0.133594 0.280556
0 0.736328 0.732639 0.100781 0.176389
0 0.689063 0.522917 0.071875 0.154167
0 0.831641 0.530556 0.066406 0.163889
0 0.741797 0.424306 0.052344 0.095833
0 0.372266 0.504167 0.064844 0.080556
0 0.123828 0.549306 0.046094 0.093056
0 0.141406 0.422917 0.040625 0.068056
0 0.280469 0.405556 0.032813 0.094444
0 0.442188 0.319444 0.025000 0.063889
0 0.526953 0.272917 0.019531 0.048611
0 0.811719 0.380556 0.026562 0.050000
0 0.830078 0.354167 0.030469 0.058333
0 0.504687 0.422917 0.075000 0.062500
0 0.434375 0.438194 0.056250 0.068056
0 0.352344 0.315278 0.025000 0.075000
0 0.376563 0.304167 0.018750 0.058333
0 0.557422 0.325694 0.021094 0.045833
1 0.473047 0.561806 0.089844 0.106944
1 0.942969 0.493056 0.065625 0.130556
1 0.633984 0.306250 0.022656 0.040278
1 0.963672 0.329861 0.032031 0.045833
1 0.586328 0.327778 0.019531 0.047222
