0 0.503906 0.725694 0.118750 0.281944
0 0.767188 0.647222 0.103125 0.163889
0 0.854297 0.585417 0.111719 0.206944
0 0.950391 0.343056 0.097656 0.152778
0 0.910156 0.199306 0.071875 0.076389
0 0.542188 0.274306 0.084375 0.084722
0 0.517969 0.380556 0.098437 0.133333
0 0.389844 0.130556 0.026562 0.077778
0 0.648047 0.136806 0.044531 0.095833
0 0.394141 0.245833 0.039844 0.072222
0 0.367188 0.218056 0.035937 0.075000
0 0.323437 0.236806 0.037500 0.093056
0 0.470313 0.193056 0.064062 0.077778
0 0.439063 0.136806 0.043750 0.054167
0 0.488672 0.049306 0.028906 0.084722
0 0.381641 0.038194 0.028906 0.068056
0 0.211328 0.038194 0.027344 0.068056
0 0.089063 0.069444 0.025000 0.077778
0 0.023438 0.143056 0.028125 0.086111
0 0.109766 0.335417 0.042969 0.087500
0 0.050781 0.316667 0.042188 0.080556
1 0.382812 0.379167 0.042188 0.083333
1 0.275000 0.871528 0.071875 0.256944
1 0.701562 0.138889 0.026562 0.050000
1 0.157812 0.329861 0.035937 0.065278
