0 0.517578 0.715278 0.130469 0.241667
0 0.785547 0.713194 0.124219 0.270833
0 0.950000 0.352778 0.100000 0.138889
0 0.946484 0.129167 0.077344 0.080556
0 0.607031 0.299306 0.068750 0.140278
0 0.538281 0.293056 0.062500 0.125000
0 0.378125 0.252778 0.040625 0.094444
0 0.277344 0.288889 0.065625 0.072222
0 0.155469 0.236806 0.034375 0.076389
0 0.416016 0.099306 0.025781 0.073611
0 0.303125 0.116667 0.043750 0.083333
1 0.255078 0.201389 0.028906 0.044444
1 0.519531 0.173611 0.017188 0.038889
1 0.543359 0.183333 0.021094 0.058333
1 0.600391 0.200000 0.033594 0.050000
1 0.727344 0.131250 0.020313 0.048611
1 0.757031 0.140278 0.029687 0.058333
1 0.417187 0.397917 0.060937 0.095833
1 0.213672 0.680556 0.144531 0.113889
1 0.046875 0.348611 0.026562 0.066667
