1 0.777734 0.465278 0.050781 0.075000
1 0.912500 0.369444 0.034375 0.072222
1 0.870703 0.361806 0.028906 0.065278
0 0.469141 0.333333 0.038281 0.100000
0 0.733203 0.712500 0.072656 0.150000
0 0.558594 0.255556 0.025000 0.050000
0 0.276953 0.241667 0.016406 0.047222
0 0.185938 0.286111 0.020313 0.055556
0 0.162500 0.479861 0.031250 0.081944
0 0.128516 0.364583 0.038281 0.051389
1 0.712109 0.413194 0.035156 0.043056
1 0.589063 0.472917 0.039062 0.073611
0 0.419141 0.268056 0.030469 0.030556
1 0.706250 0.266667 0.023438 0.041667
1 0.626563 0.293750 0.018750 0.037500
1 0.655469 0.289583 0.015625 0.040278
