0 0.200781 0.230556 0.031250 0.091667
0 0.076563 0.310417 0.028125 0.081944
0 0.756641 0.102778 0.017969 0.094444
0 0.148047 0.331944 0.033594 0.055556
0 0.289062 0.252778 0.028125 0.055556
0 0.367969 0.311806 0.029687 0.059722
0 0.414062 0.207639 0.028125 0.048611
0 0.538281 0.168056 0.026562 0.047222
0 0.575391 0.175694 0.024219 0.045833
0 0.304688 0.193056 0.020313 0.047222
0 0.329688 0.159028 0.018750 0.048611
0 0.355469 0.161806 0.023438 0.051389
0 0.261328 0.174306 0.028906 0.054167
1 0.523828 0.524306 0.049219 0.093056
1 0.582422 0.476389 0.061719 0.094444
1 0.762500 0.370833 0.035937 0.066667
1 0.830859 0.396528 0.046094 0.065278
1 0.064453 0.518056 0.042969 0.072222
1 0.547656 0.206944 0.031250 0.025000
1 0.557813 0.231250 0.025000 0.040278
1 0.511328 0.218056 0.027344 0.050000
