0 0.600391 0.299306 0.038281 0.068056
0 0.454688 0.221528 0.031250 0.068056
0 0.458594 0.307639 0.034375 0.062500
0 0.506641 0.336806 0.035156 0.056944
0 0.452344 0.371528 0.039062 0.073611
0 0.237500 0.175694 0.015625 0.059722
0 0.294531 0.199306 0.020313 0.051389
0 0.197266 0.281944 0.021094 0.044444
0 0.207422 0.244444 0.024219 0.044444
0 0.131641 0.741667 0.080469 0.155556
0 0.452344 0.161806 0.015625 0.037500
0 0.378125 0.149306 0.018750 0.048611
0 0.325000 0.210417 0.021875 0.045833
0 0.346875 0.255556 0.028125 0.050000
0 0.172656 0.200694 0.018750 0.054167
0 0.207422 0.174306 0.013281 0.043056
0 0.221094 0.181250 0.014063 0.037500
0 0.153125 0.320833 0.021875 0.061111
0 0.127734 0.261806 0.024219 0.043056
0 0.097656 0.255556 0.020313 0.058333
0 0.080469 0.269444 0.021875 0.047222
0 0.352344 0.118056 0.012500 0.033333
1 0.111328 0.399306 0.033594 0.059722
1 0.649219 0.398611 0.026562 0.047222
1 0.765234 0.233333 0.016406 0.044444
1 0.606641 0.202778 0.016406 0.041667
