0 0.783203 0.260417 0.042969 0.106944
0 0.947266 0.329167 0.061719 0.097222
0 0.239063 0.188194 0.031250 0.081944
0 0.082422 0.230556 0.036719 0.069444
0 0.165625 0.038194 0.028125 0.059722
0 0.139063 0.054167 0.029687 0.063889
0 0.229297 0.044444 0.027344 0.083333
0 0.325391 0.141667 0.035156 0.091667
0 0.458984 0.183333 0.042969 0.058333
0 0.603125 0.036806 0.028125 0.070833
0 0.626953 0.041667 0.019531 0.072222
0 0.608594 0.099306 0.026562 0.054167
1 0.222656 0.294444 0.046875 0.086111
1 0.196484 0.256250 0.041406 0.059722
1 0.510547 0.247222 0.032031 0.077778
1 0.400391 0.213194 0.035156 0.065278
