0 0.104688 0.397917 0.039062 0.068056
0 0.156250 0.719444 0.090625 0.086111
0 0.213672 0.820833 0.119531 0.150000
0 0.403125 0.334028 0.037500 0.062500
0 0.407422 0.391667 0.069531 0.058333
0 0.416016 0.464583 0.078906 0.059722
0 0.542188 0.291667 0.028125 0.061111
0 0.242578 0.199306 0.021094 0.045833
0 0.230859 0.227778 0.017969 0.033333
0 0.138281 0.193056 0.015625 0.033333
0 0.087500 0.302778 0.034375 0.069444
0 0.091016 0.255556 0.024219 0.052778
0 0.439453 0.172917 0.011719 0.043056
0 0.463672 0.160417 0.013281 0.045833
0 0.450391 0.163194 0.011719 0.040278
0 0.383203 0.149306 0.014844 0.043056
0 0.387109 0.193056 0.021094 0.047222
0 0.403125 0.234722 0.021875 0.050000
0 0.355078 0.259028 0.027344 0.048611
0 0.328125 0.289583 0.028125 0.054167
0 0.309375 0.130556 0.012500 0.033333
0 0.444141 0.121528 0.011719 0.031944
1 0.543750 0.543056 0.059375 0.097222
1 0.085156 0.559028 0.037500 0.062500
1 0.133203 0.356944 0.030469 0.061111
1 0.296484 0.462500 0.028906 0.080556
1 0.777734 0.221528 0.011719 0.043056
1 0.789844 0.222222 0.015625 0.047222
