0 0.551953 0.393056 0.049219 0.075000
0 0.500391 0.338194 0.042969 0.076389
0 0.835938 0.503472 0.064062 0.112500
0 0.461328 0.277778 0.028906 0.052778
0 0.456641 0.226389 0.028906 0.038889
0 0.360547 0.215278 0.025781 0.055556
0 0.299219 0.209722 0.021875 0.061111
0 0.243359 0.234028 0.014844 0.054167
0 0.163672 0.247917 0.019531 0.051389
0 0.187891 0.239583 0.022656 0.065278
0 0.206641 0.229167 0.017969 0.066667
0 0.066406 0.444444 0.034375 0.069444
0 0.075391 0.263194 0.021094 0.062500
0 0.041797 0.281944 0.019531 0.055556
0 0.132422 0.811806 0.072656 0.115278
0 0.401172 0.319444 0.021094 0.061111
0 0.308203 0.155556 0.014844 0.047222
1 0.774609 0.211806 0.021094 0.037500
1 0.120703 0.193056 0.016406 0.027778
1 0.139844 0.202083 0.014063 0.020833
