0 0.360938 0.473611 0.085938 0.144444
0 0.187500 0.464583 0.046875 0.126389
0 0.614844 0.436806 0.048438 0.118056
0 0.693750 0.445833 0.050000 0.100000
0 0.753125 0.385417 0.056250 0.056944
0 0.773438 0.738889 0.100000 0.172222
0 0.478516 0.336806 0.066406 0.118056
0 0.403516 0.305556 0.042969 0.069444
0 0.558984 0.249306 0.021094 0.059722
0 0.521094 0.243056 0.021875 0.047222
0 0.616797 0.260417 0.033594 0.043056
0 0.595313 0.200694 0.018750 0.043056
1 0.433984 0.443750 0.047656 0.059722
1 0.769141 0.468056 0.057031 0.097222
1 0.904297 0.373611 0.030469 0.066667
1 0.712500 0.277778 0.028125 0.055556
