0 0.564453 0.874306 0.188281 0.212500
0 0.589453 0.621528 0.086719 0.140278
0 0.635156 0.536806 0.062500 0.098611
0 0.704297 0.429167 0.049219 0.108333
0 0.506641 0.419444 0.069531 0.122222
0 0.270703 0.218056 0.028906 0.069444
0 0.497266 0.154167 0.010156 0.038889
0 0.478125 0.155556 0.015625 0.044444
0 0.372266 0.179167 0.017969 0.041667
0 0.403516 0.240972 0.019531 0.048611
0 0.467969 0.274306 0.018750 0.048611
0 0.203125 0.155556 0.018750 0.041667
1 0.376953 0.364583 0.027344 0.073611
1 0.338281 0.363194 0.025000 0.062500
1 0.293359 0.402083 0.044531 0.065278
1 0.255469 0.411111 0.031250 0.066667
1 0.230469 0.365278 0.025000 0.052778
