0 0.626563 0.608333 0.171875 0.136111
0 0.411719 0.844444 0.195312 0.252778
0 0.298047 0.484722 0.114844 0.177778
0 0.418750 0.321528 0.112500 0.162500
0 0.351953 0.309028 0.038281 0.093056
0 0.315625 0.236806 0.084375 0.090278
0 0.269141 0.129167 0.036719 0.094444
0 0.330078 0.152778 0.039844 0.069444
0 0.787891 0.404167 0.092969 0.158333
0 0.680469 0.399306 0.062500 0.145833
0 0.591016 0.288194 0.077344 0.120833
0 0.038281 0.116667 0.031250 0.086111
1 0.582422 0.459722 0.057031 0.086111
1 0.643359 0.239583 0.027344 0.051389
1 0.635156 0.180556 0.025000 0.038889
1 0.755469 0.172222 0.021875 0.058333
