0 0.148828 0.631944 0.083594 0.105556
0 0.321875 0.329167 0.043750 0.041667
0 0.153516 0.329167 0.033594 0.058333
0 0.064062 0.318056 0.028125 0.066667
0 0.264062 0.210417 0.025000 0.081944
0 0.457422 0.183333 0.019531 0.072222
0 0.786328 0.106944 0.027344 0.094444
0 0.416406 0.196528 0.025000 0.054167
0 0.177344 0.231250 0.021875 0.062500
0 0.518359 0.172222 0.024219 0.038889
0 0.497266 0.176389 0.024219 0.050000
0 0.198828 0.228472 0.011719 0.037500
0 0.213672 0.184028 0.017969 0.034722
1 0.469141 0.657639 0.066406 0.109722
1 0.671484 0.340972 0.032031 0.056944
1 0.716797 0.329167 0.038281 0.055556
1 0.613281 0.323611 0.042188 0.055556
1 0.275000 0.272917 0.018750 0.031944
1 0.569141 0.220139 0.017969 0.037500
1 0.553516 0.211806 0.019531 0.040278
1 0.041797 0.345833 0.021094 0.038889
1 0.083203 0.340278 0.016406 0.036111
