0 0.712891 0.695833 0.136719 0.133333
0 0.044922 0.574306 0.088281 0.145833
0 0.371875 0.305556 0.071875 0.158333
0 0.444922 0.363194 0.072656 0.140278
0 0.316016 0.139583 0.044531 0.084722
0 0.237500 0.247917 0.053125 0.081944
0 0.253125 0.133333 0.053125 0.058333
0 0.155078 0.165278 0.036719 0.069444
0 0.168750 0.084722 0.048438 0.061111
0 0.872266 0.204167 0.077344 0.108333
0 0.747266 0.133333 0.057031 0.047222
0 0.726562 0.210417 0.062500 0.068056
0 0.604688 0.044444 0.035937 0.044444
0 0.395313 0.049306 0.025000 0.065278
1 0.705469 0.070833 0.025000 0.047222
1 0.862109 0.126389 0.042969 0.033333
1 0.150391 0.227778 0.035156 0.058333
1 0.060547 0.093750 0.025781 0.051389
