0 0.433203 0.672917 0.188281 0.265278
0 0.262891 0.536806 0.124219 0.170833
0 0.187500 0.677778 0.125000 0.219444
0 0.491016 0.426389 0.097656 0.225000
0 0.419141 0.330556 0.089844 0.138889
0 0.354297 0.384028 0.078906 0.115278
0 0.251172 0.375694 0.064844 0.118056
0 0.800000 0.424306 0.115625 0.170833
0 0.868750 0.308333 0.084375 0.158333
0 0.387500 0.204167 0.068750 0.094444
0 0.324609 0.231944 0.066406 0.080556
0 0.121094 0.156944 0.039062 0.083333
0 0.304688 0.154167 0.050000 0.075000
0 0.216797 0.221528 0.053906 0.095833
1 0.773438 0.225000 0.043750 0.050000
1 0.734375 0.263194 0.026562 0.059722
1 0.870313 0.127083 0.025000 0.034722
1 0.907031 0.115972 0.021875 0.037500
1 0.140234 0.279861 0.036719 0.068056
1 0.551172 0.127778 0.030469 0.044444
