0 0.689063 0.730556 0.168750 0.272222
0 0.921875 0.721528 0.156250 0.334722
0 0.739453 0.611806 0.127344 0.145833
0 0.521484 0.450694 0.139844 0.204167
0 0.546875 0.327778 0.081250 0.183333
0 0.594141 0.120139 0.039844 0.076389
0 0.621875 0.178472 0.040625 0.087500
0 0.221484 0.421528 0.103906 0.134722
0 0.153125 0.235417 0.064062 0.126389
0 0.060156 0.203472 0.048438 0.123611
0 0.108203 0.168056 0.036719 0.094444
0 0.459766 0.218056 0.067969 0.091667
0 0.295312 0.074306 0.034375 0.059722
0 0.152734 0.045139 0.028906 0.076389
0 0.269141 0.077083 0.022656 0.048611
0 0.795703 0.305556 0.097656 0.130556
0 0.895703 0.177778 0.057031 0.077778
0 0.957031 0.286806 0.065625 0.129167
1 0.697656 0.228472 0.031250 0.059722
1 0.276953 0.254167 0.025781 0.058333
1 0.298828 0.136111 0.022656 0.044444
