0 0.642188 0.633333 0.090625 0.175000
0 0.636719 0.458333 0.065625 0.083333
0 0.583594 0.377778 0.025000 0.080556
0 0.682813 0.307639 0.028125 0.048611
0 0.674219 0.359028 0.042188 0.062500
0 0.798828 0.429167 0.041406 0.080556
0 0.471484 0.336806 0.035156 0.106944
0 0.531641 0.299306 0.039844 0.073611
0 0.471875 0.243056 0.025000 0.050000
0 0.247266 0.249306 0.025781 0.045833
0 0.206641 0.255556 0.030469 0.058333
0 0.632031 0.210417 0.015625 0.043056
0 0.602734 0.213194 0.021094 0.037500
1 0.587891 0.489583 0.046094 0.081944
1 0.362500 0.325694 0.025000 0.062500
1 0.890234 0.349306 0.035156 0.059722
1 0.860156 0.365278 0.031250 0.061111
1 0.417969 0.321528 0.034375 0.051389
1 0.629297 0.293056 0.027344 0.069444
