0 0.461328 0.719444 0.152344 0.355556
0 0.866016 0.638194 0.213281 0.368056
0 0.876953 0.305556 0.074219 0.166667
0 0.767188 0.249306 0.103125 0.148611
0 0.573047 0.133333 0.071094 0.066667
0 0.496484 0.168056 0.063281 0.091667
0 0.371094 0.199306 0.062500 0.095833
0 0.259375 0.252778 0.087500 0.119444
0 0.171094 0.286806 0.062500 0.140278
0 0.042578 0.433333 0.083594 0.138889
0 0.032031 0.177778 0.062500 0.086111
0 0.467969 0.056944 0.034375 0.055556
1 0.623828 0.238889 0.044531 0.069444
1 0.563281 0.193056 0.029687 0.061111
1 0.309375 0.152778 0.039062 0.044444
