0 0.708984 0.369444 0.097656 0.105556
0 0.559375 0.371528 0.065625 0.081944
0 0.937109 0.386806 0.060156 0.176389
0 0.857422 0.330556 0.085156 0.113889
0 0.893750 0.229167 0.050000 0.105556
0 0.285938 0.460417 0.062500 0.081944
0 0.186719 0.495139 0.051562 0.087500
0 0.059766 0.570833 0.094531 0.088889
1 0.166797 0.624306 0.046094 0.081944
1 0.252344 0.568056 0.039062 0.088889
1 0.496875 0.447917 0.045312 0.076389
1 0.550781 0.680556 0.075000 0.125000
1 0.694531 0.449306 0.042188 0.073611
1 0.071875 0.444444 0.035937 0.058333
1 0.170703 0.293056 0.024219 0.044444
