0 0.651563 0.721528 0.112500 0.168056
0 0.661719 0.484028 0.067187 0.112500
0 0.923828 0.474306 0.053906 0.104167
0 0.151953 0.436806 0.041406 0.079167
0 0.222266 0.410417 0.041406 0.070833
0 0.831250 0.410417 0.037500 0.081944
0 0.377344 0.311806 0.029687 0.065278
0 0.470703 0.378472 0.036719 0.059722
1 0.272266 0.573611 0.057031 0.127778
1 0.237109 0.829167 0.064844 0.108333
1 0.592578 0.413889 0.042969 0.069444
1 0.755859 0.512500 0.055469 0.094444
1 0.900000 0.390972 0.035937 0.056944
1 0.966797 0.418750 0.024219 0.056944
1 0.369141 0.392361 0.039844 0.065278
