0 0.226562 0.324306 0.028125 0.065278
0 0.426563 0.263194 0.025000 0.065278
0 0.379688 0.304167 0.040625 0.044444
0 0.218750 0.483333 0.043750 0.061111
0 0.333203 0.679167 0.071094 0.105556
0 0.152344 0.352083 0.028125 0.051389
0 0.094141 0.322917 0.025781 0.043056
0 0.052344 0.349306 0.028125 0.062500
0 0.615625 0.336806 0.037500 0.056944
0 0.273047 0.929167 0.099219 0.141667
0 0.588672 0.224306 0.019531 0.048611
1 0.590625 0.605556 0.043750 0.127778
1 0.669531 0.293750 0.045312 0.045833
1 0.253516 0.413194 0.028906 0.056944
