0 0.444922 0.477778 0.094531 0.105556
0 0.669141 0.699306 0.110156 0.181944
0 0.368359 0.691667 0.117969 0.169444
0 0.924219 0.355556 0.067187 0.097222
0 0.859766 0.332639 0.055469 0.115278
0 0.811328 0.214583 0.058594 0.081944
0 0.212500 0.274306 0.031250 0.093056
0 0.348047 0.358333 0.074219 0.088889
0 0.118750 0.404167 0.062500 0.094444
0 0.403906 0.259028 0.053125 0.054167
0 0.288672 0.233333 0.028906 0.052778
1 0.438281 0.354167 0.032813 0.072222
1 0.541797 0.327778 0.036719 0.055556
1 0.510156 0.336111 0.023438 0.069444
1 0.680859 0.235417 0.033594 0.034722
1 0.570703 0.489583 0.044531 0.076389
1 0.121094 0.597917 0.073438 0.109722
