0 0.530469 0.477778 0.087500 0.138889
0 0.626563 0.599306 0.057813 0.156944
0 0.667188 0.459028 0.081250 0.101389
0 0.729688 0.372917 0.043750 0.093056
0 0.428516 0.388194 0.049219 0.112500
0 0.309375 0.536806 0.075000 0.159722
0 0.137891 0.336806 0.032031 0.073611
1 0.228125 0.384028 0.032813 0.062500
1 0.227344 0.335417 0.028125 0.031944
1 0.815625 0.533333 0.068750 0.111111
1 0.927734 0.362500 0.033594 0.069444
1 0.650391 0.325000 0.039844 0.061111
1 0.808984 0.229861 0.014844 0.043056
1 0.648047 0.229167 0.014844 0.030556
1 0.473828 0.347917 0.028906 0.059722
1 0.900781 0.260417 0.020313 0.040278
