0 0.801562 0.435417 0.118750 0.181944
0 0.347266 0.438194 0.113281 0.193056
0 0.213672 0.307639 0.100781 0.137500
0 0.574219 0.249306 0.082812 0.090278
0 0.911719 0.320139 0.064062 0.162500
0 0.792578 0.210417 0.046094 0.081944
0 0.437500 0.156250 0.043750 0.087500
0 0.270703 0.131944 0.042969 0.097222
0 0.344141 0.103472 0.049219 0.101389
0 0.335938 0.191667 0.079687 0.105556
0 0.150391 0.176389 0.057031 0.100000
0 0.556641 0.136806 0.030469 0.065278
0 0.070312 0.121528 0.034375 0.081944
0 0.024219 0.124306 0.034375 0.081944
0 0.043359 0.222917 0.035156 0.079167
0 0.173828 0.043056 0.032031 0.069444
1 0.475000 0.472917 0.042188 0.120833
1 0.690234 0.178472 0.024219 0.054167
1 0.074609 0.415972 0.046094 0.101389
1 0.639453 0.557639 0.060156 0.118056
