0 0.821875 0.763194 0.090625 0.168056
0 0.706641 0.465278 0.071094 0.111111
0 0.576562 0.338889 0.068750 0.097222
0 0.342969 0.513889 0.114062 0.122222
0 0.485938 0.338194 0.057813 0.112500
0 0.282813 0.311806 0.059375 0.045833
0 0.753516 0.385417 0.046094 0.070833
0 0.648438 0.341667 0.040625 0.080556
0 0.592969 0.261806 0.028125 0.056944
0 0.553516 0.252083 0.021094 0.059722
0 0.449219 0.218056 0.028125 0.061111
0 0.360938 0.211806 0.018750 0.051389
0 0.339062 0.222917 0.021875 0.056944
0 0.294531 0.177778 0.017188 0.052778
0 0.260156 0.197917 0.021875 0.056944
0 0.203125 0.211806 0.018750 0.048611
0 0.178516 0.218056 0.019531 0.052778
0 0.126562 0.268056 0.028125 0.055556
0 0.103516 0.306944 0.030469 0.052778
0 0.126953 0.182639 0.024219 0.051389
1 0.568750 0.548611 0.068750 0.072222
1 0.904687 0.379167 0.028125 0.069444
1 0.871875 0.338194 0.029687 0.051389
1 0.728516 0.281944 0.025781 0.047222
1 0.380859 0.350000 0.032031 0.050000
1 0.224219 0.485417 0.051562 0.126389
