0 0.675391 0.465278 0.097656 0.141667
0 0.939063 0.509028 0.093750 0.193056
0 0.852344 0.769444 0.151562 0.230556
0 0.824609 0.204167 0.033594 0.094444
0 0.899219 0.136806 0.068750 0.118056
0 0.495312 0.156944 0.028125 0.044444
0 0.556641 0.177778 0.033594 0.061111
0 0.343750 0.249306 0.039062 0.076389
0 0.310937 0.281250 0.034375 0.087500
0 0.254688 0.414583 0.062500 0.120833
0 0.165234 0.493056 0.057031 0.097222
1 0.690625 0.322222 0.032813 0.058333
1 0.470313 0.645139 0.100000 0.109722
1 0.362500 0.508333 0.065625 0.100000
1 0.657813 0.210417 0.018750 0.045833
1 0.682422 0.250694 0.025781 0.045833
1 0.890234 0.250694 0.025781 0.059722
