1 0.891016 0.401389 0.025781 0.022222
1 0.753906 0.397917 0.035937 0.054167
1 0.242188 0.447222 0.021875 0.044444
1 0.289062 0.515278 0.048438 0.088889
1 0.511328 0.329861 0.022656 0.043056
1 0.662500 0.497222 0.040625 0.077778
1 0.675781 0.689583 0.050000 0.145833
0 0.348828 0.402778 0.027344 0.061111
0 0.267969 0.419444 0.026562 0.044444
0 0.125391 0.470833 0.032031 0.061111
0 0.401953 0.370833 0.017969 0.061111
0 0.556641 0.402778 0.024219 0.063889
0 0.471484 0.445833 0.061719 0.050000
0 0.954688 0.503472 0.051562 0.087500
0 0.803906 0.538889 0.042188 0.094444
0 0.312891 0.411806 0.024219 0.056944
