0 0.442969 0.652083 0.062500 0.245833
0 0.559375 0.493056 0.065625 0.172222
0 0.845313 0.647917 0.081250 0.126389
0 0.830469 0.549306 0.053125 0.081944
0 0.412500 0.468056 0.075000 0.122222
0 0.884766 0.377778 0.038281 0.088889
0 0.931641 0.402778 0.038281 0.100000
0 0.950391 0.344444 0.033594 0.075000
0 0.162891 0.438889 0.047656 0.088889
0 0.275000 0.218056 0.034375 0.069444
0 0.326172 0.191667 0.017969 0.055556
0 0.356250 0.193056 0.018750 0.047222
0 0.526172 0.203472 0.017969 0.051389
0 0.566797 0.185417 0.013281 0.054167
0 0.687891 0.236806 0.021094 0.054167
0 0.395313 0.305556 0.037500 0.080556
0 0.275391 0.164583 0.014844 0.045833
1 0.267969 0.365278 0.029687 0.063889
1 0.692187 0.570833 0.081250 0.147222
1 0.473438 0.342361 0.026562 0.056944
1 0.501563 0.369444 0.029687 0.052778
1 0.434766 0.365278 0.024219 0.063889
1 0.170703 0.670139 0.058594 0.084722
1 0.658203 0.280556 0.021094 0.044444
1 0.435156 0.289583 0.021875 0.051389
1 0.278125 0.426389 0.031250 0.052778
