0 0.696484 0.889583 0.278906 0.195833
0 0.692969 0.755556 0.115625 0.155556
0 0.728125 0.613194 0.137500 0.181944
0 0.537500 0.416667 0.137500 0.200000
0 0.395313 0.336806 0.084375 0.126389
0 0.189453 0.377778 0.100781 0.130556
0 0.471875 0.280556 0.068750 0.180556
0 0.613281 0.257639 0.114062 0.101389
0 0.807813 0.300694 0.095312 0.143056
0 0.954688 0.286806 0.054688 0.118056
0 0.839844 0.149306 0.042188 0.087500
0 0.615234 0.124306 0.066406 0.090278
0 0.294531 0.360417 0.075000 0.129167
0 0.066797 0.049306 0.038281 0.068056
0 0.306641 0.076389 0.046094 0.077778
0 0.168750 0.041667 0.046875 0.080556
0 0.071094 0.149306 0.042188 0.081944
0 0.164453 0.252778 0.067969 0.077778
0 0.479687 0.055556 0.040625 0.077778
0 0.437109 0.071528 0.033594 0.059722
1 0.075781 0.252778 0.031250 0.058333
1 0.769922 0.495833 0.057031 0.113889
1 0.703125 0.173611 0.031250 0.052778
1 0.540625 0.090972 0.031250 0.062500
1 0.232813 0.125694 0.021875 0.043056
