0 0.082031 0.574306 0.092188 0.320833
0 0.171094 0.690278 0.073438 0.130556
0 0.460938 0.181944 0.021875 0.055556
0 0.501563 0.144444 0.015625 0.044444
0 0.563672 0.171528 0.022656 0.045833
0 0.339453 0.304167 0.027344 0.044444
0 0.300391 0.299306 0.025781 0.051389
0 0.152344 0.325000 0.039062 0.050000
0 0.132422 0.380556 0.032031 0.063889
0 0.210547 0.185417 0.019531 0.045833
1 0.674219 0.320139 0.039062 0.051389
1 0.600391 0.288194 0.024219 0.040278
1 0.641016 0.370139 0.028906 0.051389
1 0.688672 0.633333 0.039844 0.066667
1 0.205469 0.293750 0.023438 0.048611
1 0.200000 0.237500 0.020313 0.025000
1 0.564453 0.227083 0.022656 0.037500
