0 0.198437 0.477083 0.171875 0.181944
0 0.473047 0.184028 0.088281 0.093056
0 0.195703 0.335417 0.128906 0.156944
0 0.958203 0.516667 0.082031 0.230556
0 0.911719 0.777083 0.176563 0.359722
0 0.946875 0.086806 0.084375 0.104167
0 0.681641 0.130556 0.082031 0.094444
0 0.525781 0.091667 0.031250 0.075000
0 0.324219 0.172222 0.073438 0.086111
0 0.052344 0.211806 0.084375 0.104167
0 0.497656 0.054167 0.037500 0.066667
1 0.594531 0.357639 0.075000 0.101389
1 0.475781 0.287500 0.078125 0.086111
1 0.549219 0.259028 0.040625 0.056944
1 0.101172 0.636806 0.071094 0.126389
1 0.123828 0.148611 0.032031 0.050000
1 0.323437 0.236111 0.031250 0.075000
1 0.264062 0.196528 0.031250 0.068056
