0 0.536719 0.721528 0.093750 0.259722
0 0.666016 0.279167 0.041406 0.108333
0 0.726953 0.128472 0.049219 0.098611
0 0.334766 0.129167 0.038281 0.069444
0 0.067578 0.234028 0.052344 0.104167
0 0.292187 0.120833 0.025000 0.069444
0 0.214062 0.113194 0.025000 0.081944
0 0.902344 0.307639 0.031250 0.109722
0 0.855078 0.220139 0.039844 0.098611
0 0.071484 0.044444 0.025781 0.069444
0 0.101562 0.043056 0.021875 0.066667
0 0.125000 0.041667 0.021875 0.066667
0 0.150000 0.149306 0.034375 0.065278
0 0.267969 0.144444 0.028125 0.069444
0 0.341406 0.043056 0.017188 0.066667
0 0.317188 0.049306 0.025000 0.079167
0 0.383594 0.097222 0.023438 0.061111
0 0.484766 0.084028 0.021094 0.059722
0 0.647266 0.084722 0.025781 0.063889
1 0.535547 0.197222 0.035156 0.055556
