0 0.819141 0.368056 0.047656 0.105556
0 0.499219 0.369444 0.037500 0.072222
0 0.331250 0.504167 0.081250 0.138889
0 0.954297 0.197917 0.036719 0.104167
0 0.101562 0.380556 0.028125 0.069444
0 0.578906 0.180556 0.031250 0.063889
0 0.280469 0.184028 0.025000 0.079167
0 0.262891 0.186806 0.025781 0.056944
0 0.140234 0.184028 0.028906 0.065278
0 0.104297 0.195139 0.028906 0.062500
1 0.251172 0.461111 0.032031 0.080556
1 0.283984 0.475000 0.030469 0.061111
1 0.810937 0.506250 0.057813 0.129167
1 0.639453 0.354861 0.033594 0.073611
1 0.425781 0.295833 0.025000 0.052778
