0 0.250391 0.578472 0.096094 0.140278
0 0.171094 0.340278 0.043750 0.061111
0 0.104688 0.338194 0.034375 0.048611
0 0.414453 0.509722 0.107031 0.188889
0 0.574609 0.511806 0.121094 0.148611
0 0.720313 0.555556 0.076563 0.208333
0 0.794922 0.577083 0.046094 0.151389
0 0.948047 0.424306 0.032031 0.093056
0 0.893750 0.384028 0.050000 0.065278
0 0.853516 0.406944 0.032031 0.055556
0 0.500000 0.229167 0.025000 0.055556
0 0.589844 0.236806 0.015625 0.043056
0 0.279687 0.222222 0.018750 0.038889
0 0.654687 0.207639 0.015625 0.040278
0 0.494922 0.377083 0.067969 0.076389
1 0.853906 0.316667 0.034375 0.047222
1 0.886328 0.317361 0.021094 0.043056
1 0.418750 0.340278 0.032813 0.038889
1 0.303125 0.340972 0.028125 0.056944
1 0.247266 0.402778 0.036719 0.061111
1 0.665625 0.490972 0.031250 0.079167
