0 0.643750 0.484028 0.112500 0.193056
0 0.809766 0.418056 0.103906 0.150000
0 0.576172 0.836806 0.178906 0.190278
0 0.609766 0.220139 0.069531 0.112500
0 0.387500 0.206944 0.059375 0.122222
0 0.076172 0.322917 0.094531 0.129167
0 0.471094 0.079167 0.035937 0.080556
0 0.601172 0.106944 0.049219 0.080556
0 0.898047 0.074306 0.050781 0.101389
0 0.123438 0.226389 0.050000 0.102778
0 0.069531 0.085417 0.028125 0.101389
0 0.408203 0.058333 0.025781 0.063889
0 0.380859 0.049306 0.024219 0.076389
1 0.219141 0.272222 0.055469 0.080556
1 0.439453 0.229167 0.035156 0.069444
1 0.697656 0.190972 0.031250 0.073611
1 0.041016 0.223611 0.032031 0.063889
