0 0.906641 0.231944 0.047656 0.108333
0 0.053125 0.849306 0.103125 0.159722
0 0.278125 0.118056 0.034375 0.077778
0 0.317578 0.105556 0.027344 0.066667
0 0.319141 0.034028 0.017969 0.051389
0 0.180078 0.056944 0.039844 0.077778
0 0.146875 0.113194 0.037500 0.070833
0 0.692969 0.027778 0.031250 0.052778
0 0.601172 0.030556 0.019531 0.055556
0 0.559766 0.120139 0.025781 0.076389
1 0.395313 0.283333 0.048438 0.052778
1 0.330469 0.314583 0.051562 0.101389
1 0.883594 0.127083 0.040625 0.059722
1 0.941797 0.165972 0.021094 0.054167
