0 0.854297 0.413194 0.085156 0.123611
0 0.428125 0.491667 0.078125 0.133333
0 0.216797 0.282639 0.044531 0.087500
0 0.810547 0.159028 0.052344 0.106944
0 0.758594 0.215278 0.056250 0.083333
0 0.356250 0.118056 0.021875 0.063889
0 0.324219 0.108333 0.018750 0.050000
0 0.240234 0.105556 0.017969 0.061111
0 0.219141 0.111806 0.017969 0.068056
0 0.160938 0.100694 0.018750 0.056944
0 0.137500 0.105556 0.025000 0.069444
0 0.082031 0.205556 0.026562 0.075000
0 0.583203 0.144444 0.021094 0.055556
0 0.565625 0.169444 0.025000 0.055556
0 0.669922 0.193056 0.047656 0.066667
1 0.613672 0.212500 0.019531 0.061111
1 0.976172 0.189583 0.028906 0.054167
1 0.467578 0.217361 0.021094 0.037500
