0 0.636328 0.793056 0.152344 0.227778
0 0.643359 0.643056 0.089844 0.127778
0 0.891016 0.665278 0.116406 0.197222
0 0.827734 0.302083 0.060156 0.120833
0 0.595313 0.406944 0.100000 0.130556
0 0.456250 0.381944 0.078125 0.111111
0 0.381250 0.275000 0.048438 0.083333
0 0.316797 0.258333 0.046094 0.069444
0 0.195703 0.363194 0.053906 0.090278
0 0.062109 0.210417 0.024219 0.056944
0 0.091016 0.352778 0.047656 0.080556
0 0.462109 0.245139 0.024219 0.062500
0 0.300391 0.202778 0.024219 0.041667
1 0.576562 0.301389 0.037500 0.044444
1 0.706250 0.237500 0.021875 0.038889
1 0.141406 0.245139 0.015625 0.026389
1 0.365234 0.211806 0.019531 0.031944
