0 0.207422 0.399306 0.042969 0.065278
0 0.134375 0.359722 0.025000 0.061111
0 0.107813 0.366667 0.031250 0.069444
0 0.464453 0.881944 0.099219 0.233333
0 0.752344 0.580556 0.062500 0.108333
0 0.232813 0.918056 0.090625 0.161111
0 0.608594 0.445833 0.045312 0.061111
0 0.353516 0.296528 0.022656 0.070833
0 0.400781 0.244444 0.017188 0.030556
0 0.252734 0.331944 0.025781 0.063889
0 0.219141 0.261806 0.016406 0.051389
1 0.576172 0.474306 0.027344 0.070833
1 0.600000 0.331250 0.020313 0.043056
1 0.536328 0.330556 0.022656 0.044444
1 0.576953 0.280556 0.019531 0.030556
1 0.446875 0.338889 0.017188 0.041667
1 0.475391 0.336806 0.024219 0.045833
1 0.186328 0.306250 0.019531 0.037500
1 0.101172 0.300000 0.019531 0.027778
