0 0.528516 0.877083 0.155469 0.173611
0 0.782813 0.619444 0.081250 0.144444
0 0.158594 0.778472 0.076563 0.101389
0 0.267578 0.924306 0.122656 0.143056
0 0.194531 0.372917 0.032813 0.056944
0 0.123828 0.356944 0.030469 0.052778
0 0.198437 0.254167 0.025000 0.058333
0 0.228906 0.261806 0.023438 0.051389
0 0.704688 0.297917 0.037500 0.056944
0 0.591406 0.310417 0.023438 0.034722
0 0.351953 0.288194 0.030469 0.065278
0 0.405469 0.238194 0.017188 0.043056
0 0.471875 0.204167 0.021875 0.044444
0 0.306641 0.249306 0.017969 0.051389
0 0.253125 0.289583 0.025000 0.059722
0 0.290625 0.316667 0.037500 0.055556
1 0.307031 0.406250 0.026562 0.037500
1 0.241406 0.427083 0.026562 0.037500
1 0.408203 0.342361 0.022656 0.045833
1 0.448047 0.358333 0.021094 0.041667
1 0.471484 0.346528 0.025781 0.037500
1 0.604688 0.365278 0.021875 0.038889
1 0.572656 0.334722 0.025000 0.041667
1 0.619141 0.424306 0.041406 0.059722
