0 0.779297 0.455556 0.066406 0.094444
0 0.759375 0.380556 0.053125 0.119444
0 0.645703 0.356944 0.069531 0.102778
0 0.395703 0.338194 0.058594 0.101389
0 0.163672 0.274306 0.033594 0.068056
0 0.116797 0.275694 0.041406 0.065278
0 0.566016 0.193056 0.027344 0.044444
0 0.629687 0.188194 0.031250 0.043056
0 0.776172 0.227778 0.036719 0.055556
0 0.742969 0.218056 0.034375 0.050000
0 0.828516 0.259028 0.042969 0.070833
0 0.867969 0.310417 0.040625 0.081944
0 0.101953 0.674306 0.052344 0.234722
0 0.121484 0.513194 0.074219 0.123611
1 0.328125 0.173611 0.018750 0.036111
