0 0.288672 0.245833 0.030469 0.072222
0 0.224219 0.249306 0.026562 0.065278
0 0.189453 0.199306 0.035156 0.062500
0 0.156250 0.234028 0.031250 0.068056
0 0.118359 0.250694 0.033594 0.054167
0 0.070312 0.291667 0.040625 0.080556
0 0.142187 0.395833 0.040625 0.083333
0 0.041016 0.390278 0.046094 0.077778
0 0.562891 0.379167 0.105469 0.105556
0 0.698438 0.280556 0.065625 0.116667
0 0.792578 0.568056 0.099219 0.147222
0 0.720703 0.634028 0.074219 0.112500
1 0.245312 0.349306 0.039062 0.054167
1 0.110937 0.302778 0.018750 0.038889
