0 0.557422 0.509722 0.082031 0.163889
0 0.722656 0.554167 0.078125 0.130556
0 0.850781 0.628472 0.065625 0.198611
0 0.258203 0.630556 0.085156 0.194444
0 0.101562 0.507639 0.078125 0.248611
0 0.398438 0.511806 0.075000 0.168056
0 0.254688 0.339583 0.056250 0.076389
0 0.600000 0.339583 0.031250 0.059722
0 0.634375 0.343056 0.037500 0.088889
0 0.498437 0.222917 0.025000 0.054167
0 0.439063 0.355556 0.028125 0.044444
0 0.402344 0.285417 0.032813 0.051389
0 0.263281 0.254167 0.026562 0.052778
1 0.554297 0.336111 0.025781 0.055556
1 0.862109 0.320139 0.019531 0.037500
1 0.839844 0.306944 0.021875 0.041667
1 0.166406 0.386806 0.028125 0.034722
1 0.716016 0.324306 0.028906 0.045833
1 0.312109 0.332639 0.024219 0.045833
1 0.504297 0.300694 0.038281 0.034722
