0 0.555469 0.591667 0.067187 0.141667
0 0.542969 0.836806 0.135937 0.176389
0 0.615234 0.561806 0.060156 0.129167
0 0.530859 0.418056 0.055469 0.080556
0 0.592969 0.389583 0.046875 0.076389
0 0.425000 0.186806 0.021875 0.043056
0 0.539844 0.315278 0.028125 0.066667
0 0.494922 0.305556 0.033594 0.075000
0 0.450000 0.294444 0.034375 0.066667
0 0.187500 0.218056 0.025000 0.052778
0 0.206641 0.152083 0.014844 0.045833
0 0.259375 0.177778 0.015625 0.047222
1 0.236328 0.538889 0.057031 0.108333
1 0.217578 0.417361 0.044531 0.070833
1 0.419531 0.427083 0.046875 0.084722
1 0.276953 0.390972 0.049219 0.081944
1 0.155859 0.269444 0.024219 0.038889
1 0.735938 0.311111 0.029687 0.047222
1 0.680469 0.282639 0.026562 0.054167
