0 0.191016 0.674306 0.097656 0.118056
0 0.517188 0.418056 0.042188 0.191667
0 0.669141 0.331944 0.063281 0.091667
0 0.806250 0.369444 0.090625 0.125000
0 0.295703 0.269444 0.046094 0.086111
0 0.341797 0.233333 0.052344 0.091667
0 0.159375 0.228472 0.037500 0.076389
0 0.796094 0.211806 0.071875 0.056944
0 0.206250 0.111806 0.018750 0.048611
1 0.266797 0.521528 0.055469 0.112500
1 0.232422 0.827778 0.071094 0.091667
1 0.124609 0.309028 0.030469 0.051389
1 0.683203 0.434028 0.038281 0.098611
1 0.649609 0.220833 0.035156 0.063889
1 0.517578 0.234028 0.042969 0.054167
1 0.469922 0.193056 0.030469 0.052778
1 0.590234 0.199306 0.027344 0.056944
1 0.782813 0.270833 0.046875 0.069444
