0 0.596094 0.268056 0.067187 0.102778
0 0.553125 0.472917 0.050000 0.176389
0 0.514844 0.415278 0.042188 0.113889
0 0.810937 0.315278 0.056250 0.094444
0 0.939844 0.372917 0.037500 0.095833
0 0.780469 0.202778 0.028125 0.105556
0 0.360547 0.255556 0.036719 0.058333
0 0.310156 0.256944 0.034375 0.080556
0 0.278906 0.255556 0.028125 0.069444
0 0.441016 0.221528 0.038281 0.081944
0 0.236328 0.829167 0.125781 0.191667
0 0.141406 0.468056 0.054688 0.069444
1 0.674609 0.450000 0.057031 0.105556
1 0.701562 0.280556 0.029687 0.044444
1 0.512109 0.237500 0.033594 0.061111
1 0.579297 0.156944 0.024219 0.050000
1 0.503516 0.168056 0.022656 0.041667
1 0.132422 0.307639 0.030469 0.051389
