0 0.607031 0.550694 0.079687 0.131944
0 0.509766 0.468056 0.082031 0.105556
0 0.603125 0.395833 0.071875 0.102778
0 0.448047 0.379167 0.075781 0.080556
0 0.361719 0.481944 0.093750 0.125000
0 0.777734 0.349306 0.039844 0.104167
0 0.887891 0.384028 0.046094 0.090278
0 0.314844 0.311806 0.034375 0.056944
0 0.547266 0.164583 0.021094 0.051389
0 0.621484 0.154167 0.019531 0.047222
0 0.246094 0.243056 0.021875 0.058333
0 0.219922 0.305556 0.024219 0.066667
0 0.135547 0.330556 0.033594 0.072222
0 0.131250 0.586806 0.075000 0.273611
0 0.203516 0.680556 0.050781 0.111111
0 0.219141 0.561806 0.044531 0.079167
1 0.805469 0.561111 0.057813 0.113889
1 0.822266 0.328472 0.027344 0.070833
1 0.612891 0.322222 0.041406 0.050000
1 0.455859 0.304861 0.052344 0.045833
1 0.180469 0.389583 0.034375 0.048611
1 0.200000 0.360417 0.023438 0.054167
1 0.681641 0.296528 0.024219 0.068056
