0 0.239453 0.495139 0.049219 0.076389
0 0.457813 0.885417 0.153125 0.179167
0 0.251953 0.921528 0.138281 0.156944
0 0.101562 0.674306 0.062500 0.131944
0 0.130469 0.322917 0.023438 0.056944
0 0.098047 0.230556 0.019531 0.052778
0 0.139063 0.251389 0.017188 0.050000
0 0.213672 0.329167 0.024219 0.033333
0 0.173047 0.353472 0.019531 0.059722
0 0.213281 0.258333 0.012500 0.052778
0 0.350391 0.293056 0.028906 0.075000
0 0.604297 0.304167 0.025781 0.058333
0 0.753516 0.575694 0.047656 0.095833
0 0.101172 0.293056 0.014844 0.030556
0 0.078516 0.285417 0.017969 0.031944
1 0.324609 0.425000 0.030469 0.055556
1 0.482422 0.348611 0.033594 0.055556
1 0.625000 0.449306 0.026562 0.054167
1 0.567578 0.337500 0.030469 0.050000
1 0.535547 0.336111 0.024219 0.052778
1 0.729688 0.366667 0.023438 0.044444
1 0.444141 0.343056 0.019531 0.041667
