0 0.160938 0.234028 0.025000 0.068056
0 0.090625 0.266667 0.021875 0.058333
0 0.054688 0.421528 0.034375 0.073611
0 0.804688 0.527778 0.070312 0.138889
0 0.525000 0.395139 0.056250 0.084722
0 0.469141 0.280556 0.033594 0.058333
0 0.599219 0.285417 0.042188 0.081944
0 0.376953 0.213194 0.021094 0.054167
0 0.279297 0.208333 0.021094 0.066667
0 0.264844 0.169444 0.014063 0.044444
0 0.212109 0.193056 0.017969 0.055556
0 0.234375 0.277778 0.021875 0.047222
0 0.425000 0.169444 0.015625 0.052778
0 0.438672 0.172917 0.013281 0.051389
0 0.457813 0.159028 0.012500 0.040278
1 0.102734 0.388889 0.032031 0.047222
1 0.833594 0.244444 0.021875 0.038889
1 0.666797 0.363889 0.025781 0.061111
1 0.320312 0.268750 0.025000 0.037500
