0 0.268750 0.580556 0.125000 0.158333
0 0.563281 0.515972 0.106250 0.151389
0 0.689844 0.518056 0.082812 0.161111
0 0.812109 0.630556 0.121094 0.166667
0 0.975781 0.481944 0.042188 0.094444
0 0.831250 0.400694 0.075000 0.098611
0 0.919141 0.339583 0.035156 0.062500
0 0.394922 0.450694 0.067969 0.104167
0 0.167187 0.363194 0.037500 0.062500
0 0.192969 0.320833 0.031250 0.058333
0 0.507422 0.235417 0.021094 0.054167
0 0.504297 0.193056 0.013281 0.044444
0 0.528516 0.194444 0.017969 0.047222
0 0.575781 0.197917 0.017188 0.054167
0 0.558594 0.268056 0.021875 0.044444
0 0.532422 0.265278 0.021094 0.047222
0 0.319141 0.272917 0.028906 0.045833
0 0.429688 0.350694 0.050000 0.068056
1 0.119531 0.419444 0.035937 0.058333
1 0.703906 0.329167 0.034375 0.044444
1 0.874219 0.328472 0.023438 0.045833
1 0.235156 0.322222 0.025000 0.041667
1 0.303906 0.419444 0.034375 0.069444
1 0.328906 0.331250 0.048438 0.056944
1 0.621484 0.215972 0.017969 0.034722
