0 0.451562 0.140278 0.059375 0.108333
0 0.392969 0.124306 0.035937 0.059722
0 0.171094 0.129167 0.037500 0.083333
0 0.208203 0.180556 0.066406 0.080556
0 0.104297 0.118056 0.053906 0.094444
0 0.082031 0.186806 0.043750 0.106944
0 0.119141 0.049306 0.042969 0.076389
0 0.239453 0.479167 0.069531 0.158333
0 0.089063 0.372917 0.053125 0.168056
0 0.034766 0.561806 0.063281 0.193056
0 0.494531 0.080556 0.034375 0.083333
0 0.531641 0.027083 0.028906 0.051389
0 0.298438 0.111806 0.031250 0.079167
1 0.340625 0.299306 0.043750 0.095833
1 0.683203 0.246528 0.057031 0.131944
1 0.825000 0.116667 0.037500 0.088889
1 0.724219 0.850000 0.115625 0.188889
