0 0.519141 0.700694 0.161719 0.245833
0 0.689063 0.677083 0.123438 0.290278
0 0.719141 0.518056 0.071094 0.169444
0 0.576562 0.286806 0.053125 0.090278
0 0.392969 0.211806 0.029687 0.076389
0 0.361719 0.238194 0.029687 0.081944
0 0.401953 0.115278 0.035156 0.072222
0 0.576562 0.160417 0.031250 0.062500
0 0.733984 0.128472 0.021094 0.051389
0 0.942187 0.115972 0.059375 0.073611
0 0.496484 0.118056 0.017969 0.058333
1 0.455859 0.353472 0.057031 0.076389
1 0.093750 0.260417 0.028125 0.054167
1 0.873047 0.218056 0.027344 0.050000
1 0.418750 0.192361 0.020313 0.043056
