0 0.174609 0.419444 0.078906 0.091667
0 0.087109 0.574306 0.091406 0.195833
0 0.503906 0.266667 0.046875 0.083333
0 0.439063 0.250694 0.045312 0.079167
0 0.350000 0.266667 0.062500 0.069444
0 0.787891 0.370833 0.042969 0.083333
0 0.932813 0.820833 0.073438 0.183333
0 0.912891 0.568056 0.044531 0.133333
0 0.854297 0.432639 0.033594 0.115278
0 0.949219 0.280556 0.039062 0.066667
0 0.919531 0.259028 0.023438 0.062500
0 0.849219 0.225694 0.043750 0.070833
0 0.782813 0.257639 0.039062 0.048611
1 0.464062 0.540278 0.075000 0.063889
