0 0.662500 0.746528 0.237500 0.281944
0 0.856641 0.527083 0.194531 0.315278
0 0.681641 0.199306 0.107031 0.104167
0 0.650391 0.115278 0.050781 0.069444
0 0.532813 0.090278 0.040625 0.072222
0 0.336328 0.044444 0.038281 0.069444
0 0.200000 0.170833 0.037500 0.091667
0 0.458984 0.150694 0.049219 0.087500
1 0.198047 0.375694 0.063281 0.098611
1 0.068750 0.251389 0.042188 0.088889
1 0.104297 0.211111 0.024219 0.055556
1 0.341797 0.235417 0.038281 0.079167
1 0.397656 0.220833 0.035937 0.075000
1 0.510156 0.180556 0.029687 0.072222
1 0.573438 0.131250 0.025000 0.065278
1 0.611328 0.089583 0.024219 0.054167
