0 0.765625 0.868056 0.250000 0.238889
0 0.731641 0.654167 0.182031 0.180556
0 0.785547 0.413194 0.147656 0.198611
0 0.604297 0.429167 0.132031 0.180556
0 0.455469 0.490278 0.160938 0.216667
0 0.519531 0.277778 0.098437 0.169444
0 0.266016 0.396528 0.089844 0.154167
0 0.860938 0.274306 0.084375 0.109722
0 0.917969 0.166667 0.053125 0.055556
0 0.654297 0.119444 0.050781 0.080556
0 0.686328 0.255556 0.075781 0.108333
0 0.153516 0.418056 0.097656 0.130556
0 0.152344 0.124306 0.046875 0.106944
0 0.189062 0.165278 0.034375 0.077778
0 0.228906 0.190278 0.056250 0.072222
0 0.221094 0.083333 0.032813 0.058333
0 0.042969 0.127083 0.054688 0.104167
0 0.334766 0.102083 0.050781 0.081944
0 0.415625 0.061806 0.056250 0.070833
1 0.363672 0.269444 0.049219 0.086111
1 0.507031 0.125694 0.021875 0.051389
1 0.788672 0.236111 0.030469 0.058333
