0 0.537109 0.306944 0.089844 0.150000
0 0.508203 0.668056 0.182031 0.252778
0 0.937891 0.409028 0.124219 0.148611
0 0.266797 0.119444 0.021094 0.094444
0 0.056641 0.408333 0.066406 0.088889
0 0.016016 0.344444 0.030469 0.119444
0 0.213281 0.136806 0.032813 0.087500
0 0.328125 0.232639 0.037500 0.076389
0 0.335938 0.124306 0.021875 0.081944
0 0.360938 0.102083 0.025000 0.073611
0 0.395313 0.109722 0.025000 0.063889
0 0.304688 0.118056 0.021875 0.061111
0 0.448047 0.124306 0.021094 0.056944
0 0.246094 0.163889 0.028125 0.077778
0 0.187109 0.125694 0.038281 0.081944
0 0.049219 0.079167 0.031250 0.069444
0 0.079687 0.088889 0.021875 0.075000
0 0.106641 0.069444 0.022656 0.058333
0 0.028516 0.180556 0.036719 0.091667
0 0.128125 0.136806 0.032813 0.068056
0 0.117969 0.246528 0.025000 0.065278
1 0.452344 0.495833 0.081250 0.075000
1 0.160156 0.840972 0.096875 0.204167
1 0.856250 0.184028 0.032813 0.068056
1 0.246484 0.229167 0.035156 0.041667
1 0.139063 0.266667 0.020313 0.050000
