0 0.632422 0.543056 0.074219 0.136111
0 0.891797 0.493056 0.053906 0.147222
0 0.291406 0.400694 0.068750 0.104167
0 0.193359 0.413194 0.086719 0.115278
0 0.109766 0.427083 0.066406 0.137500
0 0.911719 0.147917 0.048438 0.093056
0 0.694141 0.207639 0.027344 0.076389
0 0.730078 0.181944 0.035156 0.069444
0 0.531641 0.155556 0.035156 0.066667
0 0.480469 0.171528 0.037500 0.065278
0 0.232813 0.115972 0.025000 0.062500
0 0.092188 0.103472 0.018750 0.062500
0 0.136719 0.131944 0.021875 0.058333
0 0.042188 0.170833 0.028125 0.072222
1 0.559766 0.395139 0.044531 0.073611
1 0.447656 0.363194 0.037500 0.073611
1 0.231250 0.581250 0.054688 0.106944
1 0.308594 0.498611 0.071875 0.100000
1 0.867578 0.207639 0.032031 0.065278
1 0.963281 0.204167 0.032813 0.058333
1 0.664844 0.777778 0.167187 0.141667
