0 0.142578 0.336806 0.028906 0.056944
0 0.063281 0.324306 0.026562 0.081944
0 0.367969 0.293750 0.026562 0.062500
0 0.325391 0.159028 0.019531 0.054167
0 0.373828 0.133333 0.021094 0.047222
0 0.289453 0.262500 0.019531 0.050000
0 0.207813 0.208333 0.028125 0.066667
0 0.185547 0.268056 0.027344 0.061111
0 0.177344 0.181944 0.017188 0.044444
0 0.151562 0.213194 0.021875 0.051389
0 0.097266 0.208333 0.024219 0.052778
0 0.817578 0.314583 0.027344 0.056944
0 0.766797 0.105556 0.022656 0.080556
0 0.523047 0.149306 0.021094 0.054167
0 0.471094 0.124306 0.018750 0.048611
0 0.278516 0.163194 0.021094 0.059722
1 0.651172 0.459028 0.036719 0.079167
1 0.696875 0.429167 0.043750 0.100000
1 0.723828 0.527778 0.046094 0.077778
1 0.844141 0.403472 0.025781 0.048611
1 0.873047 0.407639 0.024219 0.062500
1 0.513672 0.215278 0.022656 0.041667
1 0.554297 0.231250 0.030469 0.051389
1 0.062109 0.481944 0.041406 0.066667
1 0.035937 0.354861 0.025000 0.045833
1 0.482812 0.182639 0.020313 0.037500
