0 0.579688 0.541667 0.103125 0.166667
0 0.750000 0.784722 0.093750 0.175000
0 0.271094 0.695833 0.109375 0.158333
0 0.430859 0.540278 0.060156 0.125000
0 0.638672 0.420139 0.055469 0.123611
0 0.720313 0.486806 0.053125 0.093056
0 0.489844 0.344444 0.046875 0.113889
0 0.433203 0.299306 0.030469 0.059722
0 0.400781 0.313194 0.039062 0.087500
0 0.213672 0.305556 0.022656 0.061111
0 0.174219 0.170833 0.025000 0.047222
1 0.360938 0.538889 0.048438 0.088889
1 0.185938 0.366667 0.018750 0.047222
1 0.215234 0.393750 0.036719 0.062500
1 0.132422 0.357639 0.032031 0.059722
1 0.854688 0.363194 0.040625 0.073611
