0 0.744922 0.211806 0.111719 0.148611
0 0.671875 0.831250 0.225000 0.337500
0 0.937109 0.440278 0.124219 0.188889
0 0.212500 0.630556 0.168750 0.216667
0 0.183594 0.307639 0.101562 0.115278
0 0.089063 0.327083 0.065625 0.184722
0 0.100391 0.219444 0.042969 0.069444
0 0.346875 0.191667 0.062500 0.094444
0 0.890625 0.055556 0.040625 0.094444
1 0.312500 0.289583 0.050000 0.081944
1 0.776953 0.316667 0.036719 0.077778
1 0.152734 0.207639 0.046094 0.081944
1 0.552734 0.152083 0.033594 0.070833
1 0.529297 0.086111 0.038281 0.047222
