0 0.530078 0.904167 0.183594 0.191667
0 0.714063 0.669444 0.087500 0.141667
0 0.764453 0.586806 0.071094 0.084722
0 0.583594 0.579167 0.068750 0.147222
0 0.687500 0.422917 0.062500 0.106944
0 0.598437 0.420139 0.071875 0.115278
0 0.435937 0.247917 0.031250 0.043056
0 0.467969 0.243056 0.023438 0.041667
0 0.216797 0.245139 0.032031 0.065278
0 0.456641 0.165278 0.014844 0.044444
0 0.437891 0.168056 0.014844 0.044444
0 0.504687 0.374306 0.037500 0.065278
1 0.345313 0.388194 0.051562 0.065278
1 0.258984 0.381250 0.035156 0.068056
1 0.504297 0.465278 0.052344 0.080556
