0 0.412500 0.326389 0.031250 0.050000
0 0.416406 0.285417 0.021875 0.048611
0 0.252734 0.225694 0.017969 0.051389
0 0.239453 0.238194 0.016406 0.045833
0 0.894922 0.574306 0.042969 0.156944
0 0.503125 0.279167 0.034375 0.044444
0 0.404297 0.213194 0.019531 0.048611
0 0.321484 0.181944 0.014844 0.041667
0 0.335547 0.169444 0.014844 0.044444
0 0.269141 0.215278 0.011719 0.041667
0 0.294531 0.201389 0.014063 0.047222
0 0.395703 0.285417 0.019531 0.043056
0 0.431641 0.215278 0.019531 0.036111
0 0.173828 0.271528 0.016406 0.043056
0 0.123438 0.244444 0.015625 0.030556
0 0.042578 0.286806 0.016406 0.048611
0 0.051172 0.351389 0.025781 0.038889
0 0.087891 0.425694 0.041406 0.062500
1 0.359766 0.513194 0.049219 0.143056
1 0.088672 0.554861 0.053906 0.073611
1 0.540234 0.765278 0.088281 0.144444
1 0.289062 0.305556 0.026562 0.055556
