1 0.841016 0.397917 0.030469 0.056944
1 0.727344 0.385417 0.025000 0.054167
1 0.325781 0.409722 0.032813 0.052778
1 0.443750 0.364583 0.025000 0.040278
1 0.793359 0.375694 0.016406 0.051389
0 0.530859 0.455556 0.030469 0.061111
0 0.347656 0.532639 0.062500 0.068056
0 0.929297 0.380556 0.024219 0.058333
0 0.672656 0.386111 0.015625 0.047222
0 0.416016 0.393750 0.028906 0.056944
0 0.377344 0.445833 0.035937 0.052778
0 0.208594 0.437500 0.031250 0.058333
0 0.107031 0.468750 0.035937 0.084722
0 0.269531 0.332639 0.026562 0.062500
0 0.144141 0.354861 0.022656 0.056944
