0 0.083203 0.577778 0.092969 0.363889
0 0.148047 0.331944 0.030469 0.066667
0 0.248828 0.268056 0.025781 0.075000
0 0.398828 0.277778 0.028906 0.044444
0 0.362891 0.308333 0.030469 0.058333
0 0.460938 0.179167 0.020313 0.044444
0 0.526563 0.150694 0.023438 0.031944
0 0.057813 0.321528 0.025000 0.070833
0 0.171484 0.161806 0.014844 0.034722
0 0.199609 0.149306 0.014844 0.029167
0 0.247266 0.122222 0.014844 0.036111
0 0.419141 0.116667 0.013281 0.044444
0 0.574219 0.172917 0.020313 0.043056
0 0.466797 0.271528 0.028906 0.045833
1 0.605859 0.290278 0.028906 0.044444
1 0.553906 0.275694 0.025000 0.040278
1 0.658203 0.384028 0.027344 0.065278
1 0.564453 0.224306 0.017969 0.040278
