0 0.551172 0.893750 0.155469 0.212500
0 0.648438 0.679167 0.076563 0.280556
0 0.889062 0.566667 0.050000 0.116667
0 0.962891 0.444444 0.074219 0.116667
0 0.810547 0.415278 0.067969 0.077778
0 0.666406 0.418056 0.062500 0.091667
0 0.580469 0.372917 0.050000 0.068056
0 0.963672 0.336806 0.035156 0.056944
0 0.376563 0.206944 0.021875 0.055556
0 0.412891 0.236806 0.025781 0.068056
0 0.343750 0.214583 0.028125 0.048611
0 0.303516 0.200694 0.028906 0.045833
0 0.248438 0.205556 0.025000 0.061111
0 0.195703 0.222222 0.021094 0.063889
0 0.135156 0.175694 0.018750 0.056944
0 0.353906 0.141667 0.028125 0.038889
1 0.467969 0.457639 0.043750 0.076389
1 0.849219 0.638194 0.031250 0.059722
1 0.229297 0.338889 0.028906 0.038889
1 0.253906 0.401389 0.043750 0.061111
1 0.300391 0.386806 0.041406 0.079167
1 0.121094 0.341667 0.032813 0.033333
1 0.344141 0.358333 0.035156 0.052778
1 0.808203 0.313194 0.021094 0.054167
1 0.760156 0.294444 0.025000 0.050000
1 0.725000 0.263889 0.023438 0.036111
1 0.705078 0.300000 0.027344 0.050000
