0 0.495703 0.414583 0.128906 0.204167
0 0.790625 0.504167 0.115625 0.216667
0 0.638281 0.690278 0.156250 0.205556
0 0.057813 0.381944 0.103125 0.113889
0 0.156641 0.229167 0.044531 0.105556
0 0.891016 0.136806 0.064844 0.087500
0 0.475000 0.147917 0.050000 0.093056
0 0.362109 0.169444 0.069531 0.075000
0 0.689844 0.191667 0.079687 0.086111
0 0.495312 0.095139 0.034375 0.073611
1 0.216016 0.377083 0.060156 0.126389
1 0.259766 0.228472 0.036719 0.070833
1 0.875781 0.060417 0.029687 0.056944
1 0.639453 0.231944 0.039844 0.097222
1 0.516016 0.184722 0.030469 0.069444
