0 0.784766 0.495833 0.041406 0.102778
0 0.746875 0.495833 0.031250 0.086111
0 0.916016 0.449306 0.042969 0.095833
0 0.403516 0.578472 0.063281 0.098611
0 0.484375 0.541667 0.043750 0.083333
0 0.551562 0.534028 0.100000 0.087500
0 0.530859 0.474306 0.033594 0.076389
0 0.349219 0.336806 0.026562 0.040278
0 0.440625 0.309722 0.021875 0.050000
0 0.494531 0.266667 0.014063 0.030556
0 0.627344 0.320139 0.017188 0.040278
0 0.529297 0.320833 0.021094 0.038889
0 0.659766 0.405556 0.028906 0.055556
1 0.850781 0.463194 0.029687 0.059722
