0 0.561328 0.529167 0.096094 0.152778
0 0.854297 0.494444 0.107031 0.152778
0 0.562891 0.274306 0.069531 0.087500
0 0.711719 0.224306 0.070312 0.104167
0 0.892188 0.147917 0.046875 0.081944
0 0.651953 0.215278 0.032031 0.066667
0 0.262891 0.307639 0.039844 0.062500
0 0.042188 0.452083 0.042188 0.098611
0 0.457813 0.346528 0.042188 0.093056
0 0.536328 0.150694 0.032031 0.068056
0 0.664844 0.128472 0.026562 0.062500
0 0.034375 0.258333 0.040625 0.083333
0 0.071875 0.245833 0.025000 0.080556
0 0.117188 0.272917 0.045312 0.068056
0 0.136719 0.222917 0.034375 0.056944
1 0.676562 0.735417 0.103125 0.240278
1 0.541406 0.745833 0.156250 0.166667
1 0.503125 0.381250 0.037500 0.062500
1 0.498047 0.293750 0.032031 0.062500
1 0.186719 0.654167 0.070312 0.102778
1 0.153125 0.528472 0.109375 0.079167
1 0.954688 0.199306 0.035937 0.056944
