0 0.595313 0.374306 0.071875 0.170833
0 0.530078 0.399306 0.063281 0.143056
0 0.391797 0.241667 0.047656 0.055556
0 0.137109 0.765278 0.100781 0.205556
0 0.735938 0.222917 0.037500 0.059722
0 0.777734 0.225694 0.028906 0.076389
0 0.298047 0.241667 0.049219 0.058333
0 0.256641 0.177083 0.028906 0.045833
0 0.307422 0.163194 0.016406 0.040278
0 0.337500 0.147917 0.021875 0.040278
0 0.185938 0.174306 0.021875 0.043056
0 0.123047 0.172222 0.011719 0.038889
0 0.600391 0.140972 0.014844 0.034722
0 0.586328 0.168750 0.011719 0.037500
1 0.194531 0.564583 0.076563 0.120833
1 0.671875 0.231250 0.025000 0.040278
1 0.448437 0.209722 0.031250 0.044444
