0 0.638281 0.730556 0.128125 0.222222
0 0.698047 0.255556 0.049219 0.105556
0 0.847266 0.289583 0.071094 0.093056
0 0.686328 0.115278 0.055469 0.055556
0 0.333594 0.122917 0.045312 0.070833
0 0.349219 0.083333 0.025000 0.058333
0 0.435547 0.047222 0.028906 0.063889
0 0.212891 0.268056 0.049219 0.080556
0 0.296875 0.255556 0.056250 0.097222
0 0.166406 0.208333 0.045312 0.066667
0 0.118359 0.347917 0.069531 0.106944
0 0.026172 0.118056 0.024219 0.080556
0 0.071875 0.030556 0.021875 0.058333
0 0.048438 0.030556 0.020313 0.055556
0 0.485938 0.050694 0.029687 0.065278
0 0.461719 0.106944 0.020313 0.066667
1 0.382422 0.397222 0.071094 0.133333
