0 0.169922 0.801389 0.110156 0.127778
0 0.136719 0.721528 0.067187 0.109722
0 0.089063 0.529167 0.053125 0.069444
0 0.294922 0.188889 0.011719 0.050000
0 0.301953 0.224306 0.017969 0.065278
0 0.530078 0.381944 0.050781 0.086111
0 0.441016 0.363889 0.044531 0.063889
0 0.085547 0.352083 0.027344 0.062500
0 0.156641 0.205556 0.014844 0.044444
0 0.148047 0.185417 0.013281 0.040278
0 0.364063 0.197917 0.017188 0.043056
0 0.454688 0.176389 0.017188 0.047222
0 0.135156 0.260417 0.023438 0.040278
0 0.060156 0.321528 0.021875 0.034722
0 0.587891 0.305556 0.032031 0.088889
0 0.101172 0.260417 0.017969 0.056944
1 0.406641 0.282639 0.028906 0.048611
1 0.492969 0.229861 0.017188 0.031944
1 0.773828 0.481944 0.036719 0.069444
1 0.273828 0.246528 0.017969 0.031944
