0 0.661328 0.374306 0.060156 0.162500
0 0.669531 0.755556 0.107813 0.197222
0 0.637109 0.263889 0.063281 0.072222
0 0.769922 0.214583 0.055469 0.104167
0 0.689453 0.124306 0.042969 0.073611
0 0.618750 0.044444 0.021875 0.047222
0 0.326172 0.143056 0.041406 0.086111
0 0.360547 0.280556 0.050781 0.122222
0 0.134766 0.299306 0.042969 0.118056
0 0.164062 0.211806 0.034375 0.087500
0 0.223438 0.146528 0.028125 0.073611
0 0.278516 0.094444 0.028906 0.066667
0 0.355469 0.090278 0.023438 0.069444
0 0.393750 0.097917 0.025000 0.062500
1 0.499219 0.477083 0.078125 0.137500
1 0.710156 0.313194 0.034375 0.087500
1 0.058984 0.268750 0.049219 0.062500
