0 0.611328 0.118056 0.025781 0.075000
0 0.344922 0.070833 0.022656 0.075000
0 0.107422 0.465278 0.082031 0.116667
0 0.063672 0.852083 0.103906 0.187500
0 0.698438 0.066667 0.029687 0.058333
0 0.650391 0.035417 0.024219 0.054167
0 0.129297 0.311806 0.066406 0.129167
0 0.195703 0.051389 0.027344 0.061111
1 0.469531 0.288889 0.042188 0.075000
1 0.418359 0.307639 0.052344 0.104167
1 0.254297 0.327083 0.064844 0.098611
1 0.570703 0.340972 0.060156 0.101389
1 0.592578 0.260417 0.025781 0.065278
1 0.455859 0.199306 0.047656 0.087500
