0 0.183203 0.459028 0.049219 0.059722
0 0.192969 0.514583 0.045312 0.073611
0 0.168750 0.366667 0.021875 0.069444
0 0.155078 0.337500 0.017969 0.050000
0 0.117188 0.351389 0.017188 0.050000
0 0.116797 0.399306 0.027344 0.054167
0 0.076953 0.391667 0.027344 0.069444
0 0.044141 0.379167 0.021094 0.055556
0 0.348828 0.299306 0.027344 0.065278
0 0.491016 0.238889 0.016406 0.052778
0 0.480469 0.202778 0.017188 0.041667
0 0.609766 0.246528 0.016406 0.034722
0 0.426172 0.236806 0.011719 0.034722
0 0.221094 0.299306 0.020313 0.040278
0 0.244922 0.281944 0.019531 0.047222
0 0.255078 0.255556 0.014844 0.027778
0 0.275781 0.243056 0.018750 0.038889
1 0.538281 0.334722 0.020313 0.050000
1 0.601953 0.332639 0.022656 0.048611
1 0.464062 0.333333 0.028125 0.044444
1 0.420703 0.334028 0.022656 0.037500
1 0.094531 0.514583 0.028125 0.056944
1 0.480078 0.569444 0.038281 0.091667
1 0.325000 0.540972 0.029687 0.073611
1 0.312891 0.446528 0.058594 0.065278
1 0.345313 0.350000 0.028125 0.033333
