0 0.613281 0.651389 0.103125 0.102778
0 0.624219 0.505556 0.056250 0.155556
0 0.678516 0.483333 0.077344 0.125000
0 0.601172 0.405556 0.066406 0.066667
0 0.950391 0.506944 0.035156 0.080556
0 0.839453 0.374306 0.028906 0.065278
0 0.788281 0.388194 0.046875 0.087500
0 0.256641 0.393056 0.044531 0.072222
0 0.210938 0.386806 0.046875 0.065278
0 0.139063 0.409028 0.071875 0.062500
0 0.217188 0.475694 0.075000 0.084722
0 0.141797 0.641667 0.067969 0.102778
0 0.419141 0.365278 0.046094 0.075000
0 0.582812 0.275694 0.018750 0.043056
0 0.634375 0.299306 0.021875 0.048611
0 0.482031 0.321528 0.035937 0.054167
0 0.517969 0.195139 0.015625 0.040278
0 0.542188 0.231944 0.021875 0.055556
1 0.453125 0.518056 0.037500 0.080556
1 0.841406 0.523611 0.050000 0.088889
1 0.912109 0.361806 0.021094 0.045833
1 0.267969 0.328472 0.018750 0.034722
