0 0.653516 0.747222 0.213281 0.225000
0 0.141797 0.674306 0.085156 0.220833
0 0.583984 0.433333 0.130469 0.138889
0 0.723437 0.455556 0.134375 0.138889
0 0.293750 0.374306 0.078125 0.106944
0 0.950000 0.377083 0.068750 0.137500
0 0.865625 0.345139 0.078125 0.109722
0 0.417578 0.259028 0.046094 0.059722
0 0.366797 0.241667 0.044531 0.058333
0 0.674609 0.203472 0.042969 0.059722
0 0.708203 0.189583 0.032031 0.051389
0 0.543359 0.145833 0.019531 0.050000
0 0.594141 0.156944 0.022656 0.052778
0 0.396875 0.170139 0.021875 0.048611
1 0.409375 0.384722 0.039062 0.075000
1 0.240234 0.342361 0.022656 0.048611
1 0.183203 0.288194 0.019531 0.048611
