0 0.494531 0.438194 0.176563 0.226389
0 0.410938 0.724306 0.250000 0.240278
0 0.168750 0.711806 0.193750 0.240278
0 0.117578 0.506944 0.138281 0.150000
0 0.258203 0.358333 0.085156 0.122222
0 0.243750 0.474306 0.125000 0.140278
0 0.422266 0.318056 0.091406 0.113889
0 0.346094 0.368056 0.060937 0.127778
0 0.325000 0.249306 0.070312 0.131944
0 0.214453 0.163194 0.038281 0.081944
0 0.251172 0.143056 0.032031 0.075000
0 0.070312 0.110417 0.031250 0.087500
0 0.197266 0.214583 0.063281 0.079167
0 0.150391 0.207639 0.047656 0.084722
1 0.793750 0.667361 0.057813 0.118056
1 0.753516 0.278472 0.086719 0.043056
1 0.156641 0.289583 0.033594 0.062500
1 0.250391 0.086111 0.022656 0.036111
1 0.562500 0.097222 0.018750 0.033333
