0 0.348438 0.283333 0.029687 0.080556
0 0.332422 0.183333 0.014844 0.033333
0 0.261328 0.254167 0.013281 0.044444
0 0.221875 0.261806 0.015625 0.045833
0 0.194922 0.238194 0.022656 0.051389
0 0.228125 0.366667 0.031250 0.066667
0 0.195703 0.352083 0.030469 0.076389
0 0.168359 0.366667 0.028906 0.055556
0 0.130078 0.364583 0.028906 0.070833
0 0.148438 0.796528 0.078125 0.131944
0 0.292578 0.911806 0.107031 0.173611
0 0.548438 0.843056 0.115625 0.152778
0 0.748828 0.578472 0.086719 0.140278
0 0.795312 0.388194 0.034375 0.084722
0 0.709766 0.304167 0.042969 0.072222
0 0.529297 0.300694 0.058594 0.048611
1 0.369922 0.445833 0.038281 0.061111
1 0.296094 0.445833 0.043750 0.063889
1 0.447656 0.359028 0.023438 0.048611
1 0.412891 0.342361 0.027344 0.045833
1 0.473828 0.350000 0.033594 0.050000
1 0.549219 0.347222 0.025000 0.055556
1 0.583203 0.340972 0.021094 0.045833
1 0.643750 0.275694 0.021875 0.040278
1 0.606250 0.284722 0.021875 0.047222
1 0.550781 0.267361 0.018750 0.029167
1 0.493750 0.256944 0.025000 0.033333
