0 0.513672 0.527083 0.119531 0.134722
0 0.424219 0.401389 0.070312 0.100000
0 0.903516 0.455556 0.092969 0.197222
0 0.740625 0.230556 0.056250 0.077778
0 0.815625 0.155556 0.056250 0.111111
0 0.272266 0.382639 0.049219 0.090278
0 0.333203 0.363889 0.046094 0.086111
0 0.283203 0.243056 0.046094 0.077778
0 0.476172 0.168056 0.032031 0.066667
0 0.450781 0.221528 0.037500 0.079167
0 0.350000 0.120833 0.025000 0.058333
0 0.326562 0.111806 0.018750 0.048611
0 0.203516 0.099306 0.024219 0.054167
0 0.241797 0.110417 0.017969 0.056944
0 0.167578 0.119444 0.027344 0.055556
0 0.138672 0.118056 0.025781 0.066667
1 0.017578 0.531944 0.033594 0.116667
