1 0.596094 0.490972 0.053125 0.090278
1 0.481641 0.904167 0.080469 0.166667
1 0.263672 0.462500 0.033594 0.072222
1 0.355469 0.191667 0.032813 0.041667
1 0.380078 0.104167 0.017969 0.036111
1 0.696484 0.172917 0.022656 0.045833
1 0.776172 0.152778 0.014844 0.041667
0 0.762109 0.613194 0.100781 0.159722
0 0.336719 0.295833 0.057813 0.136111
0 0.354297 0.456944 0.094531 0.158333
0 0.265625 0.235417 0.062500 0.093056
0 0.270313 0.129861 0.031250 0.087500
0 0.297656 0.125694 0.025000 0.081944
0 0.453516 0.148611 0.033594 0.069444
0 0.166016 0.050000 0.033594 0.077778
0 0.085156 0.062500 0.017188 0.038889
1 0.112891 0.070833 0.013281 0.036111
