0 0.447656 0.507639 0.117188 0.126389
0 0.850781 0.431944 0.134375 0.155556
0 0.541016 0.899306 0.196094 0.198611
0 0.941797 0.299306 0.111719 0.120833
0 0.625000 0.234722 0.103125 0.138889
0 0.469922 0.172222 0.074219 0.113889
0 0.887109 0.054167 0.042969 0.091667
0 0.477344 0.071528 0.042188 0.070833
0 0.410938 0.060417 0.028125 0.073611
0 0.160938 0.070139 0.046875 0.084722
0 0.707031 0.085417 0.067187 0.068056
0 0.596094 0.111806 0.067187 0.087500
0 0.346094 0.436806 0.089063 0.143056
1 0.250000 0.281250 0.042188 0.076389
1 0.284766 0.206250 0.033594 0.065278
1 0.696484 0.271528 0.036719 0.076389
1 0.978906 0.165278 0.029687 0.072222
1 0.315625 0.150694 0.039062 0.056944
