0 0.399609 0.601389 0.125781 0.161111
0 0.537891 0.446528 0.142969 0.123611
0 0.279297 0.401389 0.083594 0.100000
0 0.862500 0.333333 0.065625 0.113889
0 0.948438 0.374306 0.075000 0.120833
0 0.296094 0.294444 0.039062 0.061111
0 0.251172 0.324306 0.067969 0.059722
0 0.319531 0.231944 0.040625 0.047222
1 0.397266 0.384722 0.046094 0.069444
1 0.487891 0.317361 0.039844 0.070833
1 0.534766 0.313889 0.035156 0.072222
1 0.450781 0.301389 0.031250 0.061111
1 0.710156 0.248611 0.025000 0.044444
1 0.672656 0.499306 0.084375 0.109722
