0 0.488672 0.302083 0.035156 0.056944
0 0.405469 0.355556 0.034375 0.069444
0 0.883984 0.579167 0.038281 0.155556
0 0.828125 0.502778 0.050000 0.088889
0 0.148438 0.361806 0.043750 0.070833
0 0.153125 0.272917 0.031250 0.048611
0 0.286719 0.260417 0.035937 0.054167
0 0.251172 0.227778 0.021094 0.066667
0 0.351172 0.261806 0.028906 0.079167
0 0.326953 0.293056 0.033594 0.077778
0 0.204687 0.193056 0.015625 0.047222
0 0.220703 0.230556 0.017969 0.055556
0 0.562500 0.255556 0.021875 0.044444
0 0.392578 0.202083 0.017969 0.043056
0 0.445703 0.211806 0.014844 0.040278
0 0.462500 0.209028 0.012500 0.040278
0 0.316797 0.177778 0.016406 0.044444
0 0.333594 0.172917 0.012500 0.054167
1 0.087500 0.612500 0.035937 0.063889
1 0.477734 0.367361 0.030469 0.045833
1 0.863281 0.265972 0.017188 0.045833
1 0.789453 0.213889 0.017969 0.044444
1 0.316406 0.456944 0.046875 0.072222
