0 0.201563 0.302083 0.028125 0.070833
0 0.211328 0.202083 0.035156 0.065278
0 0.762891 0.405556 0.041406 0.069444
0 0.180078 0.422917 0.046094 0.068056
0 0.085938 0.321528 0.031250 0.070833
0 0.059375 0.324306 0.028125 0.051389
0 0.043359 0.393750 0.025781 0.062500
0 0.050781 0.218056 0.021875 0.050000
0 0.261328 0.205556 0.022656 0.041667
0 0.322266 0.191667 0.033594 0.044444
0 0.375391 0.270833 0.027344 0.058333
0 0.776563 0.330556 0.034375 0.086111
1 0.532422 0.276389 0.027344 0.038889
1 0.431641 0.272917 0.030469 0.054167
1 0.624219 0.234722 0.014063 0.044444
1 0.641797 0.229167 0.024219 0.044444
1 0.118750 0.412500 0.040625 0.058333
1 0.132812 0.325000 0.014063 0.030556
1 0.134766 0.287500 0.024219 0.036111
