0 0.486719 0.370139 0.040625 0.073611
0 0.524219 0.341667 0.028125 0.066667
0 0.471875 0.285417 0.034375 0.056944
0 0.595313 0.297917 0.031250 0.068056
0 0.231641 0.508333 0.074219 0.091667
0 0.161719 0.756944 0.128125 0.194444
0 0.651563 0.765972 0.150000 0.212500
0 0.702734 0.507639 0.063281 0.126389
0 0.107422 0.531944 0.075781 0.069444
0 0.083203 0.452778 0.050781 0.066667
0 0.184375 0.282639 0.034375 0.059722
0 0.231250 0.199306 0.018750 0.081944
0 0.260937 0.205556 0.018750 0.075000
0 0.208984 0.210417 0.017969 0.054167
0 0.448047 0.210417 0.017969 0.056944
0 0.448437 0.160417 0.015625 0.037500
0 0.173437 0.202083 0.021875 0.059722
1 0.314453 0.256250 0.027344 0.037500
1 0.705859 0.359028 0.028906 0.056944
1 0.767188 0.222917 0.017188 0.034722
1 0.342578 0.201389 0.016406 0.036111
