0 0.697656 0.802778 0.171875 0.144444
0 0.085938 0.534722 0.071875 0.188889
0 0.528516 0.324306 0.060156 0.145833
0 0.508594 0.186806 0.032813 0.079167
0 0.509766 0.093056 0.025781 0.055556
0 0.320703 0.133333 0.032031 0.083333
0 0.356641 0.084028 0.032031 0.056944
0 0.389062 0.049306 0.021875 0.070833
0 0.738672 0.209028 0.046094 0.079167
0 0.827734 0.155556 0.055469 0.094444
0 0.711328 0.119444 0.042969 0.069444
0 0.639844 0.052778 0.040625 0.058333
0 0.236328 0.144444 0.041406 0.058333
0 0.149609 0.060417 0.025781 0.062500
1 0.068750 0.790278 0.084375 0.155556
1 0.435937 0.561111 0.081250 0.133333
1 0.540625 0.177778 0.035937 0.066667
