0 0.479687 0.108333 0.056250 0.088889
0 0.376172 0.239583 0.067969 0.087500
0 0.092188 0.118056 0.034375 0.069444
0 0.171094 0.049306 0.034375 0.068056
0 0.194531 0.125694 0.046875 0.059722
0 0.034375 0.255556 0.046875 0.100000
0 0.085938 0.318056 0.028125 0.116667
0 0.104688 0.391667 0.062500 0.133333
0 0.620313 0.072917 0.021875 0.106944
0 0.529687 0.030556 0.031250 0.055556
0 0.559766 0.059028 0.025781 0.059722
1 0.507422 0.431944 0.069531 0.127778
1 0.454297 0.218056 0.038281 0.075000
1 0.559766 0.143056 0.028906 0.063889
1 0.784375 0.105556 0.040625 0.077778
1 0.254688 0.174306 0.039062 0.076389
1 0.338281 0.041667 0.029687 0.066667
1 0.304688 0.159028 0.032813 0.070833
1 0.341016 0.146528 0.019531 0.056944
1 0.369531 0.146528 0.032813 0.048611
