0 0.697266 0.690278 0.074219 0.172222
0 0.638672 0.579167 0.035156 0.144444
0 0.642578 0.424306 0.069531 0.106944
0 0.375000 0.208333 0.025000 0.069444
0 0.351562 0.213194 0.015625 0.070833
0 0.328516 0.215278 0.017969 0.075000
0 0.234766 0.231944 0.024219 0.069444
0 0.575781 0.247917 0.023438 0.037500
0 0.500000 0.307639 0.040625 0.065278
0 0.450000 0.146528 0.018750 0.043056
0 0.427344 0.149306 0.014063 0.037500
0 0.691016 0.297917 0.027344 0.068056
0 0.694141 0.239583 0.017969 0.026389
0 0.788672 0.427778 0.052344 0.066667
1 0.817187 0.330556 0.017188 0.055556
1 0.839453 0.341667 0.024219 0.058333
1 0.816016 0.566667 0.036719 0.075000
1 0.249609 0.405556 0.030469 0.055556
1 0.254688 0.354167 0.023438 0.047222
1 0.168359 0.326389 0.038281 0.050000
1 0.545312 0.316667 0.026562 0.047222
