0 0.528125 0.719444 0.137500 0.258333
0 0.810156 0.702778 0.159375 0.227778
0 0.183594 0.760417 0.151562 0.234722
0 0.935937 0.347917 0.093750 0.134722
0 0.917188 0.179167 0.065625 0.108333
0 0.505078 0.276389 0.091406 0.111111
0 0.107422 0.336806 0.061719 0.104167
0 0.293750 0.118056 0.034375 0.097222
0 0.335156 0.133333 0.028125 0.083333
0 0.437891 0.106944 0.025781 0.058333
0 0.420703 0.091667 0.022656 0.052778
0 0.485938 0.049306 0.028125 0.073611
0 0.322656 0.056944 0.026562 0.069444
1 0.221875 0.269444 0.034375 0.066667
1 0.387109 0.379861 0.052344 0.090278
1 0.591406 0.331944 0.029687 0.052778
1 0.594922 0.193056 0.057031 0.077778
1 0.720313 0.161806 0.021875 0.043056
1 0.719141 0.125694 0.021094 0.037500
