0 0.123047 0.516667 0.097656 0.116667
0 0.681641 0.354167 0.082031 0.105556
0 0.791016 0.402778 0.063281 0.152778
0 0.856250 0.463194 0.059375 0.131944
0 0.865625 0.311806 0.050000 0.065278
0 0.307031 0.350694 0.073438 0.076389
0 0.579297 0.141667 0.022656 0.050000
0 0.185938 0.277778 0.031250 0.061111
0 0.054688 0.330556 0.034375 0.077778
0 0.073438 0.174306 0.021875 0.043056
0 0.294531 0.143056 0.029687 0.044444
0 0.223438 0.182639 0.020313 0.034722
0 0.165234 0.197917 0.033594 0.043056
0 0.416406 0.254167 0.046875 0.055556
1 0.547656 0.254167 0.025000 0.044444
1 0.441406 0.202083 0.017188 0.031944
1 0.362109 0.181250 0.021094 0.029167
1 0.386719 0.254861 0.020313 0.054167
