0 0.417969 0.651389 0.106250 0.200000
0 0.421094 0.472917 0.084375 0.126389
0 0.669531 0.379167 0.057813 0.094444
0 0.921094 0.393056 0.060937 0.108333
0 0.234375 0.304167 0.034375 0.086111
0 0.367969 0.231250 0.029687 0.062500
0 0.317578 0.280556 0.035156 0.066667
0 0.609375 0.455556 0.093750 0.133333
0 0.575391 0.311806 0.074219 0.084722
0 0.278125 0.202083 0.023438 0.070833
0 0.389453 0.134722 0.021094 0.075000
0 0.359766 0.109028 0.013281 0.048611
0 0.308203 0.102778 0.028906 0.047222
0 0.122266 0.099306 0.014844 0.054167
0 0.244141 0.234028 0.032031 0.054167
0 0.176563 0.332639 0.040625 0.098611
1 0.653125 0.300694 0.032813 0.054167
1 0.891797 0.278472 0.016406 0.056944
1 0.275000 0.287500 0.026562 0.044444
