0 0.648438 0.393056 0.120313 0.141667
0 0.808594 0.424306 0.114062 0.156944
0 0.348828 0.422917 0.124219 0.143056
0 0.192578 0.293056 0.088281 0.150000
0 0.933203 0.327083 0.061719 0.126389
0 0.270703 0.135417 0.039844 0.093056
0 0.184766 0.049306 0.041406 0.065278
0 0.074219 0.124306 0.039062 0.090278
0 0.054688 0.322917 0.051562 0.101389
0 0.148438 0.175694 0.050000 0.093056
0 0.857031 0.313194 0.073438 0.106944
0 0.562891 0.131944 0.038281 0.061111
1 0.372266 0.152778 0.028906 0.058333
1 0.660937 0.590278 0.065625 0.138889
1 0.289062 0.302778 0.046875 0.075000
