0 0.610938 0.508333 0.062500 0.191667
0 0.367578 0.166667 0.019531 0.066667
0 0.305078 0.266667 0.032031 0.055556
0 0.153516 0.514583 0.082031 0.098611
0 0.439063 0.143056 0.020313 0.047222
0 0.108984 0.158333 0.021094 0.066667
0 0.148438 0.200694 0.028125 0.043056
0 0.728125 0.400694 0.062500 0.104167
0 0.453125 0.196528 0.015625 0.048611
0 0.435156 0.191667 0.014063 0.044444
0 0.494922 0.181944 0.017969 0.041667
0 0.534375 0.189583 0.018750 0.040278
0 0.367188 0.070139 0.014063 0.051389
1 0.125000 0.335417 0.031250 0.043056
1 0.762500 0.264583 0.025000 0.062500
1 0.855469 0.369444 0.045312 0.063889
1 0.471094 0.141667 0.018750 0.022222
1 0.189453 0.245833 0.022656 0.041667
1 0.163281 0.258333 0.018750 0.041667
