0 0.622266 0.835417 0.117969 0.231944
0 0.630078 0.680556 0.069531 0.111111
0 0.882812 0.681944 0.143750 0.225000
0 0.616797 0.413194 0.099219 0.173611
0 0.462109 0.389583 0.100781 0.106944
0 0.445703 0.288889 0.064844 0.052778
0 0.392188 0.275694 0.028125 0.056944
0 0.460547 0.243056 0.025781 0.052778
0 0.469141 0.176389 0.021094 0.050000
0 0.712891 0.211806 0.032031 0.062500
0 0.518359 0.174306 0.017969 0.054167
0 0.283594 0.193056 0.023438 0.047222
0 0.298828 0.152778 0.019531 0.038889
0 0.205469 0.188194 0.026562 0.040278
0 0.521875 0.270139 0.034375 0.059722
0 0.171875 0.349306 0.053125 0.068056
1 0.571484 0.230556 0.017969 0.044444
1 0.555469 0.297222 0.021875 0.044444
1 0.751563 0.244444 0.020313 0.050000
1 0.096875 0.486806 0.037500 0.059722
