0 0.320703 0.289583 0.028906 0.093056
0 0.147266 0.289583 0.028906 0.070833
0 0.178125 0.281944 0.028125 0.061111
0 0.317969 0.218056 0.021875 0.061111
0 0.340625 0.218056 0.018750 0.044444
0 0.401562 0.193056 0.015625 0.038889
0 0.381641 0.201389 0.019531 0.036111
0 0.575000 0.216667 0.018750 0.044444
0 0.466016 0.276389 0.027344 0.052778
0 0.502344 0.329167 0.032813 0.069444
0 0.273828 0.239583 0.019531 0.048611
0 0.209375 0.234028 0.025000 0.062500
0 0.263281 0.272222 0.021875 0.050000
0 0.458984 0.187500 0.017969 0.050000
0 0.475000 0.186806 0.009375 0.043056
0 0.492188 0.186806 0.012500 0.040278
0 0.517188 0.184722 0.020313 0.038889
0 0.107422 0.300694 0.027344 0.054167
0 0.077344 0.355556 0.028125 0.052778
0 0.048438 0.318056 0.028125 0.052778
0 0.139453 0.825694 0.088281 0.176389
1 0.282422 0.587500 0.047656 0.097222
1 0.239844 0.447222 0.034375 0.077778
1 0.360938 0.429167 0.034375 0.075000
