0 0.616016 0.534028 0.057031 0.106944
0 0.207813 0.829167 0.117188 0.138889
0 0.166406 0.696528 0.068750 0.131944
0 0.067187 0.393056 0.031250 0.066667
0 0.036328 0.327778 0.035156 0.069444
0 0.146484 0.195833 0.017969 0.047222
0 0.128516 0.224306 0.022656 0.051389
0 0.229297 0.211806 0.021094 0.054167
0 0.189062 0.200000 0.015625 0.050000
0 0.367188 0.144444 0.015625 0.044444
0 0.501563 0.249306 0.032813 0.059722
0 0.457422 0.246528 0.027344 0.054167
0 0.705078 0.279167 0.035156 0.069444
0 0.087109 0.307639 0.035156 0.073611
0 0.042969 0.202778 0.018750 0.044444
0 0.375000 0.404167 0.040625 0.075000
0 0.404297 0.341667 0.035156 0.072222
0 0.550000 0.305556 0.034375 0.077778
0 0.614453 0.222917 0.030469 0.054167
0 0.677734 0.407639 0.053906 0.073611
0 0.696875 0.506944 0.056250 0.069444
0 0.925000 0.468056 0.043750 0.086111
0 0.930078 0.305556 0.030469 0.063889
0 0.148438 0.314583 0.029687 0.056944
0 0.091016 0.202778 0.016406 0.044444
1 0.262109 0.473611 0.044531 0.083333
1 0.321484 0.276389 0.019531 0.041667
1 0.391797 0.254167 0.021094 0.033333
1 0.775781 0.221528 0.021875 0.045833
