0 0.782422 0.804167 0.107031 0.202778
0 0.629687 0.555556 0.075000 0.144444
0 0.528906 0.493056 0.060937 0.119444
0 0.330078 0.549306 0.119531 0.151389
0 0.710938 0.457639 0.046875 0.115278
0 0.492578 0.340972 0.046094 0.098611
0 0.592969 0.261806 0.031250 0.068056
0 0.606641 0.220833 0.022656 0.047222
0 0.239063 0.268056 0.053125 0.047222
0 0.213672 0.302778 0.025781 0.055556
0 0.184375 0.269444 0.029687 0.055556
0 0.175391 0.188194 0.017969 0.054167
1 0.368359 0.347222 0.033594 0.083333
1 0.940234 0.409722 0.050781 0.052778
1 0.980859 0.397917 0.019531 0.062500
1 0.263281 0.371528 0.040625 0.056944
