0 0.437891 0.559028 0.092969 0.187500
0 0.562500 0.536806 0.103125 0.170833
0 0.747266 0.563194 0.077344 0.156944
0 0.879297 0.631944 0.083594 0.172222
0 0.242188 0.650694 0.093750 0.193056
0 0.373047 0.419444 0.060156 0.111111
0 0.935937 0.456944 0.065625 0.141667
1 0.612891 0.334722 0.022656 0.050000
1 0.835938 0.318056 0.021875 0.058333
1 0.821484 0.299306 0.016406 0.037500
1 0.187500 0.382639 0.034375 0.059722
1 0.438281 0.348611 0.031250 0.058333
1 0.545312 0.347222 0.028125 0.055556
1 0.551172 0.271528 0.024219 0.037500
1 0.564844 0.229167 0.018750 0.022222
1 0.542188 0.209028 0.015625 0.029167
1 0.629687 0.197222 0.025000 0.044444
