1 0.246094 0.283333 0.040625 0.061111
1 0.554297 0.300694 0.038281 0.073611
1 0.094141 0.137500 0.046094 0.063889
0 0.641016 0.099306 0.036719 0.079167
0 0.512500 0.071528 0.032813 0.059722
0 0.482422 0.097222 0.036719 0.069444
0 0.441016 0.102083 0.036719 0.059722
0 0.339062 0.186806 0.043750 0.098611
0 0.758594 0.292361 0.084375 0.106944
0 0.728516 0.459028 0.074219 0.123611
0 0.816016 0.416667 0.063281 0.100000
0 0.045703 0.798611 0.089844 0.200000
0 0.075000 0.356250 0.079687 0.137500
0 0.099219 0.236111 0.042188 0.088889
0 0.133203 0.206250 0.041406 0.073611
1 0.010937 0.269444 0.020313 0.080556
1 0.110156 0.059028 0.028125 0.037500
