0 0.315625 0.700694 0.271875 0.270833
0 0.907422 0.700694 0.185156 0.331944
0 0.586328 0.585417 0.200781 0.204167
0 0.547266 0.422917 0.117969 0.193056
0 0.649219 0.409028 0.092188 0.204167
0 0.846484 0.329861 0.099219 0.143056
0 0.381641 0.466667 0.124219 0.169444
0 0.300391 0.386806 0.108594 0.170833
0 0.225000 0.256944 0.068750 0.127778
0 0.175000 0.218056 0.062500 0.122222
0 0.348438 0.199306 0.039062 0.098611
0 0.098828 0.161806 0.044531 0.109722
0 0.228516 0.049306 0.016406 0.068056
0 0.257812 0.049306 0.028125 0.068056
0 0.144141 0.045139 0.041406 0.059722
0 0.632031 0.118056 0.076563 0.100000
0 0.783594 0.109028 0.073438 0.079167
0 0.957812 0.297917 0.056250 0.148611
0 0.517188 0.286806 0.090625 0.093056
0 0.387500 0.072222 0.031250 0.077778
0 0.331641 0.109028 0.057031 0.056944
1 0.717578 0.317361 0.030469 0.068056
1 0.783984 0.244444 0.032031 0.061111
1 0.696875 0.102083 0.023438 0.045833
1 0.232813 0.154861 0.026562 0.048611
