0 0.575781 0.465278 0.139063 0.191667
0 0.764062 0.424306 0.137500 0.156944
0 0.575781 0.819444 0.201563 0.230556
0 0.663672 0.219444 0.091406 0.119444
0 0.560156 0.186806 0.073438 0.101389
0 0.115234 0.224306 0.050781 0.104167
0 0.057422 0.230556 0.050781 0.088889
0 0.376563 0.049306 0.040625 0.068056
0 0.415625 0.043056 0.025000 0.069444
0 0.604297 0.101389 0.044531 0.061111
0 0.694141 0.093750 0.050781 0.062500
0 0.880469 0.063194 0.025000 0.065278
1 0.242969 0.309028 0.053125 0.093056
1 0.307422 0.188889 0.028906 0.088889
1 0.434766 0.275000 0.057031 0.077778
1 0.750391 0.160417 0.025781 0.076389
1 0.791406 0.161111 0.050000 0.075000
