0 0.154688 0.872917 0.071875 0.120833
0 0.144141 0.776389 0.082031 0.075000
0 0.262891 0.905556 0.102344 0.138889
0 0.393750 0.911806 0.125000 0.176389
0 0.183984 0.359028 0.044531 0.065278
0 0.479687 0.210417 0.021875 0.056944
0 0.345313 0.207639 0.012500 0.048611
1 0.473047 0.552083 0.049219 0.084722
1 0.722656 0.600694 0.042188 0.093056
1 0.557813 0.335417 0.018750 0.043056
1 0.541797 0.352083 0.027344 0.062500
1 0.597656 0.335417 0.026562 0.043056
1 0.460547 0.324306 0.024219 0.040278
1 0.425391 0.330556 0.025781 0.052778
1 0.283594 0.354167 0.031250 0.044444
1 0.314844 0.351389 0.025000 0.061111
1 0.420703 0.254167 0.030469 0.030556
