0 0.545703 0.824306 0.152344 0.193056
0 0.795703 0.609028 0.110156 0.137500
0 0.712109 0.499306 0.042969 0.143056
0 0.273438 0.518056 0.089063 0.108333
0 0.417578 0.382639 0.072656 0.140278
0 0.560547 0.435417 0.074219 0.126389
0 0.531250 0.324306 0.034375 0.068056
0 0.603906 0.351389 0.046875 0.086111
0 0.694141 0.272917 0.035156 0.043056
0 0.976562 0.416667 0.046875 0.100000
0 0.092188 0.260417 0.031250 0.056944
0 0.265625 0.199306 0.025000 0.054167
1 0.253516 0.418056 0.046094 0.072222
1 0.228906 0.346528 0.034375 0.051389
1 0.339453 0.422917 0.047656 0.101389
1 0.355859 0.314583 0.024219 0.056944
1 0.291797 0.279167 0.030469 0.036111
1 0.205469 0.265278 0.025000 0.033333
1 0.119531 0.497917 0.048438 0.106944
1 0.879687 0.514583 0.057813 0.156944
1 0.830469 0.297222 0.020313 0.047222
