0 0.637891 0.569444 0.092969 0.163889
0 0.455078 0.438194 0.066406 0.104167
0 0.504687 0.350000 0.053125 0.100000
0 0.270313 0.377083 0.059375 0.087500
0 0.221094 0.411806 0.060937 0.087500
0 0.749609 0.415278 0.055469 0.091667
0 0.623437 0.408333 0.034375 0.119444
0 0.881250 0.356944 0.037500 0.066667
0 0.833594 0.351389 0.040625 0.075000
0 0.585938 0.268056 0.025000 0.072222
0 0.390625 0.243750 0.028125 0.037500
0 0.320703 0.218750 0.027344 0.062500
0 0.266797 0.281944 0.033594 0.086111
1 0.212109 0.531250 0.055469 0.093056
1 0.145703 0.513889 0.044531 0.094444
1 0.564063 0.373611 0.028125 0.058333
1 0.635547 0.310417 0.028906 0.054167
1 0.780469 0.285417 0.034375 0.048611
1 0.935156 0.350694 0.031250 0.056944
1 0.679297 0.425000 0.030469 0.072222
1 0.708984 0.418750 0.027344 0.070833
1 0.140234 0.245139 0.028906 0.040278
