1 0.585547 0.350694 0.028906 0.051389
1 0.550391 0.331944 0.032031 0.050000
1 0.780859 0.563194 0.050781 0.115278
1 0.586328 0.586111 0.103906 0.088889
1 0.121094 0.601389 0.053125 0.097222
0 0.341016 0.465278 0.074219 0.111111
0 0.267969 0.683333 0.095312 0.161111
0 0.907813 0.344444 0.054688 0.088889
0 0.851953 0.329861 0.046094 0.084722
0 0.827734 0.223611 0.032031 0.069444
0 0.330078 0.245139 0.028906 0.051389
0 0.125391 0.382639 0.058594 0.076389
0 0.189844 0.348611 0.039062 0.069444
0 0.394922 0.317361 0.027344 0.034722
