0 0.639844 0.466667 0.081250 0.133333
0 0.818750 0.774306 0.121875 0.293056
0 0.948438 0.491667 0.081250 0.163889
0 0.880469 0.299306 0.056250 0.112500
0 0.878906 0.200694 0.042188 0.070833
0 0.766797 0.230556 0.057031 0.077778
0 0.560547 0.140972 0.028906 0.076389
0 0.519141 0.159028 0.041406 0.068056
0 0.200000 0.416667 0.078125 0.108333
0 0.310937 0.316667 0.084375 0.077778
1 0.576172 0.312500 0.033594 0.061111
1 0.400781 0.571528 0.062500 0.126389
1 0.700781 0.373611 0.045312 0.061111
1 0.541797 0.389583 0.042969 0.084722
1 0.386719 0.274306 0.031250 0.062500
1 0.833203 0.253472 0.028906 0.054167
