0 0.482031 0.866667 0.198437 0.247222
0 0.287109 0.702778 0.139844 0.197222
0 0.294141 0.479167 0.092969 0.150000
0 0.914453 0.359722 0.077344 0.111111
0 0.837500 0.322917 0.046875 0.068056
0 0.633203 0.443056 0.086719 0.111111
0 0.254688 0.236806 0.035937 0.062500
0 0.611719 0.150694 0.014063 0.048611
0 0.373828 0.361806 0.039844 0.068056
0 0.412891 0.318056 0.050781 0.030556
1 0.127734 0.606250 0.066406 0.093056
1 0.508203 0.371528 0.058594 0.081944
1 0.615234 0.230556 0.033594 0.052778
1 0.565234 0.263194 0.033594 0.051389
