0 0.601953 0.384028 0.063281 0.229167
0 0.503516 0.409028 0.086719 0.123611
0 0.132422 0.713194 0.100781 0.134722
0 0.149609 0.869444 0.094531 0.175000
0 0.285547 0.256944 0.057031 0.083333
0 0.337891 0.243056 0.036719 0.086111
0 0.744922 0.219444 0.022656 0.058333
0 0.839063 0.238889 0.043750 0.077778
0 0.418359 0.151389 0.033594 0.050000
0 0.324219 0.165278 0.039062 0.044444
0 0.234766 0.268056 0.039844 0.050000
1 0.083594 0.574306 0.035937 0.070833
1 0.467578 0.223611 0.019531 0.044444
1 0.646484 0.175694 0.017969 0.037500
