0 0.543750 0.531944 0.087500 0.138889
0 0.148438 0.404167 0.068750 0.080556
0 0.423438 0.371528 0.050000 0.093056
0 0.277734 0.383333 0.055469 0.222222
0 0.851562 0.405556 0.062500 0.080556
0 0.781250 0.380556 0.046875 0.061111
0 0.733203 0.399306 0.050781 0.079167
0 0.481641 0.255556 0.025781 0.061111
0 0.367969 0.293056 0.026562 0.066667
0 0.398828 0.285417 0.022656 0.056944
0 0.343750 0.372917 0.043750 0.062500
0 0.154297 0.310417 0.027344 0.056944
0 0.148438 0.243056 0.021875 0.052778
0 0.094922 0.256944 0.022656 0.061111
0 0.629297 0.410417 0.050781 0.095833
1 0.505078 0.382639 0.038281 0.062500
1 0.842969 0.481250 0.031250 0.059722
1 0.958594 0.393750 0.028125 0.054167
1 0.959375 0.340278 0.025000 0.052778
1 0.687891 0.350694 0.030469 0.048611
