0 0.089453 0.329167 0.116406 0.211111
0 0.203906 0.816667 0.082812 0.155556
0 0.206250 0.697917 0.068750 0.081944
0 0.581641 0.143056 0.030469 0.047222
0 0.314063 0.278472 0.050000 0.076389
0 0.301172 0.213194 0.033594 0.056944
0 0.271094 0.185417 0.026562 0.056944
0 0.251563 0.222917 0.028125 0.045833
0 0.244531 0.172917 0.021875 0.056944
0 0.504687 0.136806 0.031250 0.043056
0 0.547266 0.130556 0.019531 0.041667
0 0.758984 0.146528 0.025781 0.043056
0 0.395703 0.135417 0.016406 0.043056
0 0.375000 0.106944 0.017188 0.050000
1 0.645703 0.268750 0.027344 0.051389
1 0.609766 0.206250 0.021094 0.051389
1 0.541406 0.211111 0.028125 0.044444
1 0.183594 0.347917 0.043750 0.084722
1 0.648438 0.197222 0.023438 0.055556
1 0.439453 0.383333 0.047656 0.105556
