0 0.229297 0.727083 0.133594 0.145833
0 0.172266 0.560417 0.096094 0.106944
0 0.206641 0.847917 0.074219 0.145833
0 0.221484 0.199306 0.042969 0.054167
0 0.339062 0.293056 0.056250 0.102778
0 0.321875 0.162500 0.021875 0.050000
0 0.570703 0.371528 0.064844 0.104167
0 0.487891 0.363194 0.049219 0.106944
0 0.519922 0.511806 0.127344 0.090278
1 0.169531 0.297222 0.037500 0.091667
1 0.128125 0.283333 0.031250 0.075000
1 0.557031 0.195833 0.021875 0.044444
1 0.632031 0.215278 0.018750 0.044444
1 0.746875 0.268750 0.073438 0.048611
1 0.819531 0.290972 0.034375 0.079167
1 0.651172 0.365278 0.067969 0.111111
