0 0.565625 0.255556 0.065625 0.138889
0 0.669141 0.329167 0.085156 0.172222
0 0.612500 0.410417 0.056250 0.120833
0 0.380469 0.096528 0.043750 0.081944
0 0.102344 0.266667 0.076563 0.105556
0 0.603516 0.069444 0.021094 0.077778
1 0.437891 0.480556 0.063281 0.111111
1 0.484375 0.381944 0.048438 0.100000
1 0.539062 0.388194 0.039062 0.073611
1 0.520312 0.491667 0.070312 0.094444
1 0.344141 0.205556 0.055469 0.094444
1 0.229297 0.138889 0.035156 0.075000
1 0.487109 0.152778 0.035156 0.058333
1 0.316016 0.029167 0.036719 0.055556
