0 0.556250 0.348611 0.056250 0.158333
0 0.501563 0.406944 0.062500 0.152778
0 0.750000 0.623611 0.081250 0.188889
0 0.959375 0.683333 0.081250 0.288889
0 0.400781 0.375000 0.057813 0.100000
0 0.176953 0.229861 0.057031 0.087500
0 0.112500 0.181250 0.032813 0.079167
0 0.375391 0.284028 0.036719 0.068056
0 0.572656 0.214583 0.031250 0.068056
0 0.641797 0.213194 0.041406 0.079167
0 0.630859 0.118750 0.050781 0.076389
0 0.023047 0.227778 0.036719 0.072222
0 0.061328 0.089583 0.030469 0.054167
1 0.760547 0.307639 0.032031 0.054167
1 0.741797 0.268056 0.021094 0.050000
1 0.489844 0.314583 0.039062 0.040278
1 0.110547 0.268056 0.041406 0.044444
1 0.228125 0.079861 0.026562 0.040278
1 0.797266 0.135417 0.028906 0.037500
