0 0.839063 0.797917 0.200000 0.270833
0 0.748828 0.332639 0.096094 0.159722
0 0.236719 0.485417 0.142187 0.120833
0 0.105469 0.132639 0.056250 0.134722
0 0.034375 0.136806 0.050000 0.104167
0 0.287891 0.130556 0.028906 0.086111
0 0.597266 0.319444 0.078906 0.080556
0 0.620703 0.401389 0.155469 0.100000
0 0.631250 0.085417 0.050000 0.070833
0 0.409375 0.052083 0.068750 0.068056
0 0.142969 0.263194 0.075000 0.079167
1 0.455469 0.276389 0.032813 0.072222
1 0.568750 0.143056 0.026562 0.050000
1 0.525781 0.143750 0.023438 0.051389
1 0.715625 0.208333 0.028125 0.044444
1 0.666016 0.229167 0.027344 0.066667
1 0.348828 0.299306 0.036719 0.070833
1 0.198047 0.250694 0.036719 0.048611
1 0.907031 0.110417 0.017188 0.037500
1 0.953516 0.116667 0.022656 0.044444
1 0.669922 0.585417 0.044531 0.079167
