0 0.120313 0.200694 0.062500 0.098611
0 0.039062 0.324306 0.056250 0.104167
0 0.255469 0.086806 0.035937 0.062500
0 0.492969 0.124306 0.048438 0.101389
0 0.257812 0.252778 0.043750 0.080556
0 0.094922 0.521528 0.080469 0.140278
0 0.146875 0.049306 0.046875 0.090278
0 0.081641 0.143056 0.028906 0.083333
0 0.041797 0.130556 0.038281 0.086111
0 0.609766 0.072917 0.042969 0.093056
0 0.375391 0.034028 0.044531 0.065278
1 0.419141 0.397917 0.075781 0.176389
1 0.794531 0.120833 0.045312 0.069444
1 0.803125 0.250694 0.043750 0.140278
1 0.616016 0.284028 0.058594 0.151389
1 0.679688 0.297917 0.048438 0.145833
