0 0.276953 0.443056 0.139844 0.141667
0 0.258203 0.299306 0.116406 0.165278
0 0.821484 0.469444 0.117969 0.161111
0 0.758594 0.363889 0.085938 0.102778
0 0.786719 0.288194 0.064062 0.101389
0 0.855469 0.313194 0.056250 0.140278
0 0.166797 0.036806 0.028906 0.065278
0 0.278516 0.068056 0.028906 0.058333
0 0.469141 0.144444 0.038281 0.080556
0 0.591016 0.260417 0.066406 0.087500
0 0.619922 0.366667 0.102344 0.119444
0 0.482422 0.061806 0.028906 0.076389
0 0.751172 0.170833 0.038281 0.088889
0 0.187891 0.154167 0.042969 0.102778
0 0.051172 0.121528 0.024219 0.095833
1 0.249219 0.617361 0.057813 0.126389
1 0.625391 0.564583 0.055469 0.156944
1 0.737500 0.663194 0.064062 0.093056
1 0.359375 0.243056 0.037500 0.077778
1 0.103906 0.081250 0.015625 0.026389
