0 0.523047 0.675694 0.097656 0.306944
0 0.704688 0.336806 0.056250 0.165278
0 0.407813 0.170833 0.050000 0.108333
0 0.537500 0.108333 0.043750 0.044444
0 0.712891 0.130556 0.038281 0.102778
0 0.334766 0.079167 0.025781 0.075000
0 0.361328 0.080556 0.017969 0.055556
0 0.413672 0.081944 0.021094 0.066667
0 0.433594 0.086806 0.023438 0.062500
0 0.217188 0.113194 0.040625 0.068056
0 0.211328 0.208333 0.086719 0.058333
0 0.492969 0.063194 0.021875 0.076389
0 0.259375 0.091667 0.025000 0.058333
1 0.323047 0.314583 0.050781 0.098611
