0 0.740234 0.688194 0.182031 0.206944
0 0.713672 0.493056 0.107031 0.108333
0 0.738281 0.413194 0.090625 0.084722
0 0.174609 0.774306 0.153906 0.204167
0 0.341797 0.347917 0.052344 0.118056
0 0.380469 0.393056 0.034375 0.097222
0 0.426563 0.368056 0.053125 0.097222
0 0.375391 0.243056 0.044531 0.072222
0 0.307031 0.291667 0.056250 0.063889
0 0.219141 0.341667 0.071094 0.052778
0 0.098047 0.395833 0.061719 0.088889
0 0.355078 0.934028 0.155469 0.131944
1 0.484375 0.323611 0.039062 0.066667
1 0.735938 0.226389 0.029687 0.038889
1 0.154688 0.364583 0.029687 0.059722
