0 0.142578 0.321528 0.033594 0.070833
0 0.053516 0.358333 0.030469 0.063889
0 0.178125 0.815972 0.131250 0.170833
0 0.148828 0.701389 0.071094 0.105556
0 0.404687 0.372917 0.056250 0.095833
0 0.478125 0.420139 0.050000 0.079167
0 0.501563 0.354167 0.037500 0.055556
0 0.563672 0.300694 0.030469 0.073611
0 0.617578 0.236111 0.027344 0.038889
0 0.744141 0.463889 0.050781 0.100000
0 0.307422 0.229861 0.021094 0.065278
0 0.347656 0.233333 0.021875 0.066667
0 0.433594 0.186111 0.020313 0.047222
0 0.447266 0.164583 0.014844 0.043056
0 0.414844 0.159028 0.017188 0.051389
0 0.180859 0.200000 0.019531 0.050000
0 0.153125 0.184028 0.018750 0.048611
0 0.190234 0.168056 0.014844 0.033333
0 0.213672 0.164583 0.013281 0.051389
0 0.230859 0.160417 0.014844 0.045833
0 0.137500 0.221528 0.021875 0.045833
0 0.690625 0.179861 0.017188 0.034722
0 0.082422 0.271528 0.024219 0.062500
0 0.040625 0.274306 0.021875 0.051389
0 0.043750 0.218750 0.017188 0.051389
0 0.052344 0.456250 0.034375 0.081944
