0 0.574609 0.622222 0.085156 0.136111
0 0.659375 0.488889 0.067187 0.113889
0 0.589844 0.475694 0.053125 0.123611
0 0.944141 0.501389 0.050781 0.100000
0 0.809375 0.361806 0.034375 0.056944
0 0.736719 0.374306 0.046875 0.073611
0 0.192188 0.463194 0.040625 0.093056
0 0.159766 0.387500 0.038281 0.075000
0 0.208594 0.379167 0.040625 0.066667
0 0.272656 0.407639 0.050000 0.076389
0 0.288281 0.350694 0.018750 0.059722
0 0.258984 0.350694 0.025781 0.051389
0 0.342969 0.355556 0.028125 0.063889
0 0.559766 0.321528 0.025781 0.045833
0 0.535547 0.314583 0.016406 0.045833
0 0.500391 0.322917 0.035156 0.043056
0 0.433594 0.336806 0.028125 0.056944
1 0.946875 0.368056 0.028125 0.055556
1 0.461719 0.442361 0.028125 0.068056
