0 0.389844 0.356944 0.028125 0.038889
0 0.764844 0.361111 0.020313 0.052778
0 0.579688 0.429167 0.028125 0.075000
0 0.346484 0.448611 0.036719 0.058333
0 0.357812 0.544444 0.056250 0.119444
0 0.135156 0.434028 0.037500 0.059722
0 0.107422 0.485417 0.032031 0.101389
0 0.276562 0.431250 0.026562 0.043056
0 0.393359 0.402083 0.028906 0.045833
0 0.476953 0.344444 0.022656 0.052778
1 0.848047 0.387500 0.030469 0.041667
1 0.738672 0.396528 0.022656 0.040278
1 0.695312 0.352083 0.028125 0.034722
1 0.614062 0.396528 0.017188 0.040278
1 0.326172 0.397222 0.030469 0.030556
1 0.247266 0.427778 0.028906 0.050000
1 0.628125 0.470139 0.031250 0.070833
1 0.742578 0.732639 0.046094 0.109722
